-1.031180878E+02
-1.070355988E+02
-1.028173676E+02
-1.073964767E+02
-1.153176880E+02
-1.083388367E+02
-1.096498718E+02
-1.135229797E+02
-1.054225235E+02
-1.088924408E+02
-1.097890930E+02
-1.054539413E+02
-1.008807220E+02
-1.091230927E+02
-1.120665741E+02
-1.145368271E+02
-1.119525299E+02
-1.086027679E+02
-1.085394745E+02
-1.032101593E+02
-1.109154205E+02
-1.072671661E+02
-1.158067398E+02
-1.126783066E+02
-1.075334320E+02
-1.243093872E+02
-1.053319244E+02
-1.059856262E+02
-1.091023178E+02
-1.125204315E+02
-1.094726410E+02
-1.128925018E+02
-1.029004745E+02
-1.239773941E+02
-1.032751389E+02
-1.102394485E+02
-1.060173874E+02
-1.164349365E+02
-1.072029495E+02
-1.118413544E+02
-1.102031021E+02
-1.249953384E+02
-1.032571259E+02
-1.058044281E+02
-1.091564102E+02
-1.109427795E+02
-1.087986450E+02
-1.163998413E+02
-1.068029099E+02
-1.040326538E+02
-1.257000427E+02
-9.997963715E+01
-1.089410095E+02
-1.027871246E+02
-1.185698776E+02
-1.073809204E+02
-1.281570587E+02
-1.192473755E+02
-1.044089127E+02
-1.065789337E+02
-1.054687500E+02
-1.060671539E+02
-1.067240829E+02
-1.157110748E+02
-1.083370667E+02
-1.115051956E+02
-1.097294769E+02
-1.071535645E+02
-1.145181351E+02
-1.065141449E+02
-1.074058151E+02
-1.181866379E+02
-1.135469513E+02
-1.049345016E+02
-1.293151855E+02
-1.072561188E+02
-1.018468323E+02
-1.094788818E+02
-1.060458298E+02
-1.013460999E+02
-1.057411957E+02
-1.037168579E+02
-1.082755203E+02
-1.153895416E+02
-9.964891052E+01
-1.026904297E+02
-1.062323761E+02
-1.060978241E+02
-1.157520676E+02
-1.018760757E+02
-1.139222870E+02
-1.100927811E+02
-1.173500061E+02
-1.094461212E+02
-1.078744431E+02
-1.025294113E+02
-1.072207260E+02
-1.143689423E+02
-1.089656143E+02
-1.091720657E+02
-1.119195480E+02
-1.206065063E+02
-1.143190918E+02
-1.164684982E+02
-1.188791275E+02
-1.077969666E+02
-1.043038177E+02
-1.062390137E+02
-1.101119995E+02
-1.057028198E+02
-1.107255096E+02
-1.051203766E+02
-1.111644287E+02
-1.042041168E+02
-1.091449738E+02
-1.056931915E+02
-1.034669876E+02
-1.057153015E+02
-1.039630585E+02
-1.123493042E+02
-1.148480835E+02
-1.171376419E+02
-1.117817612E+02
-1.018221664E+02
-1.077866821E+02
-1.026303940E+02
-1.048569336E+02
-1.079435654E+02
-1.057577209E+02
-1.192065735E+02
-1.031266327E+02
-1.205105591E+02
-1.098983841E+02
-1.092989960E+02
-1.077568207E+02
-1.074916229E+02
-1.084642792E+02
-1.026174088E+02
-1.211494064E+02
-1.157258453E+02
-1.040525818E+02
-1.016040649E+02
-1.063827133E+02
-1.031598816E+02
-1.142175674E+02
-1.146899490E+02
-1.058723755E+02
-1.064501190E+02
-1.082673035E+02
-1.082252426E+02
-1.065166779E+02
-1.089249344E+02
-1.094248962E+02
-1.075735474E+02
-1.097523422E+02
-1.119824524E+02
-1.268648224E+02
-1.078297501E+02
-1.076511002E+02
-1.084821701E+02
-1.095744781E+02
-1.088302994E+02
-1.079848633E+02
-1.037370758E+02
-1.007077332E+02
-1.049339752E+02
-1.098348236E+02
-1.026137161E+02
-1.053645477E+02
-1.117814713E+02
-1.112260742E+02
-1.059023895E+02
-1.061386032E+02
-1.077659912E+02
-1.215433044E+02
-1.043094559E+02
-1.076413803E+02
-1.150986023E+02
-1.021274719E+02
-1.079237442E+02
-1.213159790E+02
-1.005503235E+02
-1.028208237E+02
-1.067956924E+02
-1.081406479E+02
-1.055535965E+02
-1.107910080E+02
-1.040971375E+02
-1.153836441E+02
-1.130375748E+02
-1.056090622E+02
-1.188775940E+02
-1.082876892E+02
-1.138962708E+02
-1.064893341E+02
-1.103466721E+02
-1.071488800E+02
-1.043268204E+02
-1.044120789E+02
-1.082284546E+02
-1.006075897E+02
-1.208739166E+02
-1.025445862E+02
-1.129305420E+02
-1.163263550E+02
-1.038817673E+02
-1.118423843E+02
-1.065602798E+02
-1.232687302E+02
-1.008451004E+02
-1.433404846E+02
-1.162396622E+02
-1.159729614E+02
-1.067933350E+02
-9.994132996E+01
-1.044709320E+02
-1.024966583E+02
-1.068452072E+02
-1.042156219E+02
-1.045085526E+02
-1.094720535E+02
-1.134784851E+02
-1.135995941E+02
-1.053543167E+02
-1.062068481E+02
-1.063534164E+02
-1.154424896E+02
-1.073627548E+02
-1.089674225E+02
-1.233794022E+02
-1.072877426E+02
-1.006749268E+02
-1.031609344E+02
-1.070754547E+02
-1.041769409E+02
-1.096358795E+02
-1.052863770E+02
-1.202750015E+02
-1.050621338E+02
-1.114018173E+02
-1.104925537E+02
-1.081527100E+02
-1.038099213E+02
-1.060133667E+02
-1.026490021E+02
-1.010682373E+02
-1.108034210E+02
-1.098725052E+02
-1.089786987E+02
-1.072889709E+02
-1.167857742E+02
-1.079447479E+02
-1.095391541E+02
-1.071251221E+02
-1.010871582E+02
-1.167292404E+02
-1.087859421E+02
-1.038636398E+02
-9.751674652E+01
-1.058912659E+02
-1.188306274E+02
-1.068763885E+02
-1.102538605E+02
-1.133132019E+02
-1.026838226E+02
-1.059559479E+02
-1.073805237E+02
-1.111923141E+02
-1.059436111E+02
-1.073501663E+02
-1.070600128E+02
-1.082742386E+02
-1.019444122E+02
-1.063760529E+02
-1.089151001E+02
-1.006328964E+02
-1.056639862E+02
-1.034226532E+02
-1.140352554E+02
-1.192966080E+02
-1.133817749E+02
-1.139701080E+02
-1.080478668E+02
-1.137748260E+02
-1.178162079E+02
-1.123477478E+02
-1.098936615E+02
-1.065618515E+02
-1.155621948E+02
-1.024331512E+02
-1.065420837E+02
-1.048522873E+02
-1.058167267E+02
-1.008634338E+02
-1.161729431E+02
-1.026934891E+02
-1.140196838E+02
-1.065463181E+02
-1.138388824E+02
-1.051653442E+02
-1.034826584E+02
-1.035726471E+02
-1.087778397E+02
-1.227673950E+02
-1.026625519E+02
-1.133872528E+02
-1.059898224E+02
-1.103544159E+02
-1.119026489E+02
-1.063616257E+02
-1.116640015E+02
-1.129111557E+02
-1.127666931E+02
-1.231084442E+02
-1.031231842E+02
-1.063878174E+02
-1.050237274E+02
-1.083681793E+02
-1.033326416E+02
-1.067691193E+02
-1.058339539E+02
-1.173574066E+02
-1.061542435E+02
-1.062161179E+02
-1.082169342E+02
-1.045359955E+02
-1.144358826E+02
-1.118619080E+02
-1.093757935E+02
-1.007764587E+02
-1.065700836E+02
-1.095514374E+02
-1.091649323E+02
-1.078196716E+02
-1.089172821E+02
-1.140455017E+02
-1.067114258E+02
-1.026934509E+02
-1.046345673E+02
-1.135345764E+02
-1.089323044E+02
-1.110861511E+02
-1.130364532E+02
-1.037987900E+02
-1.123646927E+02
-1.165355225E+02
-1.245609741E+02
-1.125542374E+02
-1.087924118E+02
-1.077987747E+02
-1.075001526E+02
-1.115616760E+02
-1.085897369E+02
-1.089686127E+02
-9.905818176E+01
-1.150711441E+02
-1.110104218E+02
-1.064237976E+02
-1.092158813E+02
-1.009730453E+02
-1.038200226E+02
-1.082393570E+02
-1.051427841E+02
-1.054849243E+02
-1.050513382E+02
-1.065109558E+02
-1.228172989E+02
-1.082914810E+02
-1.063373108E+02
-1.064879608E+02
-1.087926178E+02
-1.081134338E+02
-1.082063141E+02
-1.008898926E+02
-1.049902649E+02
-1.089009933E+02
-1.416442566E+02
-1.065016937E+02
-1.139405823E+02
-1.110168533E+02
-1.109658813E+02
-1.152339020E+02
-1.124018707E+02
-1.067689514E+02
-1.057678986E+02
-1.239264755E+02
-1.096416092E+02
-1.027356033E+02
-1.028242340E+02
-1.050351334E+02
-1.056742706E+02
-1.104957657E+02
-1.011978836E+02
-1.175628586E+02
-1.135212250E+02
-1.055587158E+02
-1.127031860E+02
-1.079221725E+02
-1.088544540E+02
-1.073171158E+02
-1.095246506E+02
-1.005615921E+02
-1.049570465E+02
-1.062371979E+02
-1.059095840E+02
-1.053694763E+02
-1.162966995E+02
-1.087462769E+02
-1.029067078E+02
-1.068398209E+02
-1.072190933E+02
-1.047132568E+02
-1.095377274E+02
-1.048344803E+02
-1.103217468E+02
-1.057460785E+02
-1.036582794E+02
-1.035275650E+02
-1.032009048E+02
-1.120471649E+02
-1.087232132E+02
-1.118373566E+02
-1.070962524E+02
-1.103846359E+02
-1.074965591E+02
-1.103560333E+02
-1.079642563E+02
-1.088327484E+02
-1.084619522E+02
-1.051771469E+02
-1.025832291E+02
-1.130110092E+02
-1.253812561E+02
-1.150470352E+02
-1.059207611E+02
-1.056565247E+02
-1.096468048E+02
-1.155383987E+02
-1.087578506E+02
-1.276786041E+02
-1.055323868E+02
-1.071498871E+02
-1.168173370E+02
-1.015329056E+02
-1.024009323E+02
-1.176462555E+02
-1.112330322E+02
-1.113451843E+02
-1.076050186E+02
-1.130206680E+02
-1.054172211E+02
-1.027732239E+02
-1.109559326E+02
-1.156338043E+02
-1.145014343E+02
-1.047274170E+02
-1.055358200E+02
-1.132111053E+02
-1.039346771E+02
-1.252105713E+02
-1.094381866E+02
-1.130424500E+02
-1.063079529E+02
-1.022394867E+02
-1.009832306E+02
-1.061480865E+02
-1.093315201E+02
-1.018964386E+02
-1.087129059E+02
-1.104412766E+02
-1.062382355E+02
-1.030584259E+02
-9.989741516E+01
-1.043766174E+02
-1.068264008E+02
-1.175576706E+02
-1.076835327E+02
-1.113860168E+02
-1.138955002E+02
-1.094967041E+02
-1.154060059E+02
-1.094166946E+02
-1.104637527E+02
-1.106104660E+02
-1.179956741E+02
-1.050129395E+02
-1.046345139E+02
-1.153213501E+02
-1.092903214E+02
-1.244696198E+02
-1.069239502E+02
-1.110770874E+02
-1.084674377E+02
-1.157913666E+02
-1.079489288E+02
-1.044160767E+02
-9.971211243E+01
-1.066991577E+02
-1.089539413E+02
-1.052264328E+02
-1.124611282E+02
-1.090537109E+02
-1.176219559E+02
-1.036986084E+02
-1.083568954E+02
-1.129864578E+02
-1.145375748E+02
-1.008693237E+02
-1.050999374E+02
-1.035344009E+02
-1.025732498E+02
-1.189448471E+02
-1.149758224E+02
-1.166782532E+02
-1.131693573E+02
-1.243685837E+02
-1.123803711E+02
-1.056870956E+02
-1.139736328E+02
-1.019114609E+02
-1.092065048E+02
-1.047576065E+02
-1.095988541E+02
-1.134689407E+02
-1.049446106E+02
-1.059081192E+02
-1.156466064E+02
-1.085045471E+02
-1.067735977E+02
-1.093093567E+02
-1.121432800E+02
-1.058225403E+02
-1.120742874E+02
-1.127658844E+02
-1.170013123E+02
-1.066873856E+02
-1.032141113E+02
-1.041649933E+02
-1.162117844E+02
-1.099418564E+02
-1.045336990E+02
-1.132025452E+02
-1.123192673E+02
-1.031673584E+02
-1.092574997E+02
-1.085665512E+02
-1.114061356E+02
-1.107455292E+02
-1.168136597E+02
-1.066304474E+02
-1.089137650E+02
-1.148727417E+02
-1.057281876E+02
-1.142618484E+02
-1.122262192E+02
-1.063557739E+02
-1.140765839E+02
-1.059456329E+02
-1.139274521E+02
-1.217304077E+02
-1.049936523E+02
-1.118962097E+02
-1.102478409E+02
-1.086120300E+02
-1.066774063E+02
-1.058136597E+02
-1.051603775E+02
-1.103171082E+02
-1.060814667E+02
-1.118688965E+02
-1.040609436E+02
-1.051643677E+02
-1.020676880E+02
-1.033429260E+02
-1.076838303E+02
-1.066318359E+02
-1.025553818E+02
-1.051773453E+02
-1.062854767E+02
-1.032664108E+02
-1.025302429E+02
-1.162827988E+02
-1.087109299E+02
-1.118657303E+02
-1.045422287E+02
-1.116732864E+02
-1.178942490E+02
-1.119582977E+02
-1.071916809E+02
-1.047048950E+02
-1.025783844E+02
-1.118796616E+02
-1.085165024E+02
-1.030795593E+02
-1.079112854E+02
-1.166674118E+02
-1.033458023E+02
-1.057410355E+02
-1.028628693E+02
-1.084609528E+02
-1.148837433E+02
-1.139094467E+02
-1.075851135E+02
-1.101203003E+02
-1.059431915E+02
-1.090686722E+02
-1.192011871E+02
-1.052451782E+02
-1.020074387E+02
-1.195001221E+02
-1.086735153E+02
-1.100522003E+02
-1.070146637E+02
-1.085462265E+02
-1.144887543E+02
-1.110494232E+02
-1.191723785E+02
-1.023252869E+02
-1.088455582E+02
-1.124371719E+02
-1.243515625E+02
-1.097883301E+02
-1.074753571E+02
-1.022505798E+02
-1.064968109E+02
-1.080650330E+02
-1.140820694E+02
-1.136527176E+02
-1.345669098E+02
-1.038625259E+02
-1.067292786E+02
-1.071056213E+02
-1.076940002E+02
-1.275753403E+02
-1.108252640E+02
-1.139463730E+02
-1.054583359E+02
-1.133375931E+02
-1.168590469E+02
-1.068331299E+02
-1.079076767E+02
-1.143694382E+02
-1.147269897E+02
-1.163401337E+02
-1.068628540E+02
-1.102382050E+02
-1.045535278E+02
-1.076673889E+02
-1.005181046E+02
-1.237940979E+02
-1.066318359E+02
-1.159218674E+02
-1.014657898E+02
-1.041600189E+02
-1.067458191E+02
-1.053189087E+02
-1.092902374E+02
-1.154934769E+02
-1.021721802E+02
-1.033035889E+02
-1.108471222E+02
-1.033716660E+02
-1.020261688E+02
-1.048509369E+02
-1.154287109E+02
-1.049098892E+02
-1.101524734E+02
-1.018246078E+02
-1.113207626E+02
-1.171675797E+02
-1.151112976E+02
-1.174373245E+02
-1.214301758E+02
-1.152519073E+02
-1.009790955E+02
-1.103887939E+02
-1.064706345E+02
-1.080192413E+02
-1.081801224E+02
-1.104198151E+02
-1.178518677E+02
-1.103973389E+02
-1.009724503E+02
-1.080492401E+02
-1.123258591E+02
-1.131628723E+02
-1.095500565E+02
-1.023780975E+02
-1.032514877E+02
-1.210617142E+02
-1.132933807E+02
-1.042837601E+02
-1.072119827E+02
-1.202205353E+02
-1.085529785E+02
-1.112895279E+02
-1.077830200E+02
-1.051345673E+02
-1.077538147E+02
-1.080717773E+02
-1.161630249E+02
-1.081046600E+02
-9.990569305E+01
-1.105201721E+02
-1.029526520E+02
-1.072941971E+02
-1.096258545E+02
-1.063470840E+02
-1.041077347E+02
-1.095578461E+02
-1.002821655E+02
-9.965097046E+01
-1.135439301E+02
-1.096536713E+02
-1.147927780E+02
-1.038206635E+02
-1.256687622E+02
-1.123534775E+02
-1.152151871E+02
-1.110791168E+02
-1.063566132E+02
-1.069412994E+02
-1.056076660E+02
-1.036776123E+02
-1.089556885E+02
-1.150014648E+02
-1.074380035E+02
-1.028539658E+02
-1.046794281E+02
-1.049237518E+02
-1.169321289E+02
-1.089974213E+02
-1.134348145E+02
-1.101268082E+02
-1.086598511E+02
-1.017385025E+02
-1.203120041E+02
-1.014837646E+02
-1.099964218E+02
-1.243101807E+02
-1.034484253E+02
-1.019690704E+02
-1.043345032E+02
-1.300426331E+02
-1.072019272E+02
-1.059712601E+02
-1.075733185E+02
-1.096917038E+02
-1.214736481E+02
-1.067091522E+02
-1.212477264E+02
-1.116863327E+02
-1.056795959E+02
-1.103712540E+02
-1.103802185E+02
-1.014766083E+02
-1.121885300E+02
-1.055898743E+02
-1.066939697E+02
-1.116208725E+02
-1.074886627E+02
-1.077520905E+02
-1.119118958E+02
-1.190088501E+02
-1.119812622E+02
-1.040737076E+02
-1.143374634E+02
-1.171343613E+02
-1.088006439E+02
-1.116844177E+02
-1.042197495E+02
-1.141382599E+02
-1.067126389E+02
-1.044882355E+02
-1.115737762E+02
-1.078936615E+02
-1.125551529E+02
-1.064529343E+02
-1.072662201E+02
-1.135460510E+02
-1.067882996E+02
-1.113051453E+02
-1.065350418E+02
-1.009981155E+02
-1.046172333E+02
-1.100208740E+02
-1.089369888E+02
-1.088562393E+02
-1.097026062E+02
-1.101194153E+02
-1.072507858E+02
-1.104641571E+02
-1.063727646E+02
-1.056547699E+02
-1.111039047E+02
-1.048278122E+02
-1.091447830E+02
-1.090717316E+02
-1.038004761E+02
-1.030118179E+02
-1.037480164E+02
-1.128063812E+02
-1.018906021E+02
-1.077581100E+02
-1.079339294E+02
-1.009605408E+02
-1.041797714E+02
-1.070489044E+02
-1.124846573E+02
-1.005108490E+02
-1.113566284E+02
-1.043225861E+02
-1.102562027E+02
-1.218716812E+02
-1.101625443E+02
-1.168321533E+02
-1.053163300E+02
-1.117552109E+02
-1.363838196E+02
-1.065118561E+02
-1.165731735E+02
-1.166388245E+02
-1.214698868E+02
-1.143716888E+02
-1.099572906E+02
-1.160399933E+02
-1.059440536E+02
-1.003917694E+02
-1.036471481E+02
-1.093755188E+02
-1.060605774E+02
-1.074022369E+02
-1.099895020E+02
-1.044043121E+02
-1.123557968E+02
-1.025101471E+02
-1.075730438E+02
-1.039418640E+02
-1.144936218E+02
-1.093712540E+02
-1.032117004E+02
-1.091426697E+02
-1.069859009E+02
-1.011901932E+02
-1.103219910E+02
-1.160757828E+02
-1.012004395E+02
-1.044426346E+02
-1.056668396E+02
-1.042697983E+02
-1.092192917E+02
-1.187199249E+02
-1.113950958E+02
-1.032893448E+02
-1.137646790E+02
-1.062179947E+02
-1.101148682E+02
-1.029236908E+02
-1.112694397E+02
-1.080450516E+02
-1.040570450E+02
-1.070618439E+02
-1.101529999E+02
-1.145593262E+02
-1.101629639E+02
-1.108457184E+02
-1.107414169E+02
-1.098976517E+02
-1.115459290E+02
-1.177205048E+02
-1.476346588E+02
-1.066756363E+02
-1.104617691E+02
-1.064375763E+02
-1.095439529E+02
-1.117754822E+02
-1.055448456E+02
-1.063447418E+02
-1.138032379E+02
-1.065924759E+02
-1.232579880E+02
-1.140421448E+02
-1.124085846E+02
-1.042779465E+02
-1.031588745E+02
-1.182582245E+02
-1.087589874E+02
-1.067031555E+02
-1.026147766E+02
-1.109988861E+02
-1.055313263E+02
-1.174951248E+02
-1.040508575E+02
-1.051821289E+02
-1.148463821E+02
-1.106292877E+02
-1.078706818E+02
-1.106401138E+02
-1.046891785E+02
-1.196655960E+02
-1.032404785E+02
-1.099600983E+02
-1.067300034E+02
-1.073201294E+02
-1.063550873E+02
-1.067215271E+02
-1.073528595E+02
-1.089063339E+02
-1.066227875E+02
-1.123224335E+02
-1.188006439E+02
-1.054440155E+02
-1.147054367E+02
-1.084223862E+02
-1.101517944E+02
-1.031234360E+02
-1.071033783E+02
-1.113216019E+02
-1.024118118E+02
-1.018202209E+02
-1.077936096E+02
-1.062154312E+02
-1.211882172E+02
-1.277902298E+02
-1.072932358E+02
-1.074317322E+02
-1.081399918E+02
-1.079859467E+02
-1.079076080E+02
-1.123981400E+02
-1.006262283E+02
-1.146773376E+02
-1.016815262E+02
-1.073291779E+02
-1.074695969E+02
-1.152582169E+02
-1.073896866E+02
-1.134714432E+02
-1.099390259E+02
-1.115365601E+02
-1.141404572E+02
-1.072837982E+02
-1.107535858E+02
-1.118590088E+02
-1.124476624E+02
-1.083914948E+02
-1.019404221E+02
-1.085459747E+02
-1.015818863E+02
-1.171887283E+02
-1.109713287E+02
-1.074412613E+02
-1.066458511E+02
-1.031844635E+02
-1.100176163E+02
-1.056246262E+02
-9.875212097E+01
-1.052779312E+02
-1.058705521E+02
-1.149652710E+02
-1.041135788E+02
-1.110333328E+02
-1.031777191E+02
-1.090059280E+02
-1.035387421E+02
-1.100055847E+02
-1.209025192E+02
-1.145620041E+02
-1.127338409E+02
-1.082544098E+02
-1.100019150E+02
-1.050054245E+02
-1.089757996E+02
-1.062153931E+02
-1.159561920E+02
-1.175896378E+02
-1.073137665E+02
-1.144754791E+02
-1.095274353E+02
-1.075655670E+02
-1.089455795E+02
-1.122994919E+02
-1.048620529E+02
-1.083694000E+02
-1.107888947E+02
-1.111775818E+02
-1.087589874E+02
-1.071102524E+02
-1.115879669E+02
-1.134002380E+02
-1.055192871E+02
-1.060655975E+02
-1.134251862E+02
-1.097339325E+02
-1.023790054E+02
-1.030502167E+02
-1.049362259E+02
-1.030859375E+02
-1.073497391E+02
-1.097929382E+02
-1.058535614E+02
-1.071860123E+02
-1.139714508E+02
-1.068916931E+02
-1.035976410E+02
-1.128772736E+02
-1.037541809E+02
-1.033526001E+02
-1.107443542E+02
-1.054585114E+02
-1.163106384E+02
-1.171472549E+02
-1.176057739E+02
-1.043373871E+02
-1.031280365E+02
-1.097577972E+02
-1.041743317E+02
-1.034158630E+02
-1.165217972E+02
-1.077150345E+02
-1.051432114E+02
-1.028694000E+02
-1.116660233E+02
-1.051451187E+02
-1.176705933E+02
-1.141260071E+02
-1.080954895E+02
-1.076044006E+02
-1.076499176E+02
-1.114153976E+02
-1.030211182E+02
-1.094562607E+02
-1.074252472E+02
-1.093565674E+02
-1.154896622E+02
-1.124196167E+02
-1.047710571E+02
-1.195723648E+02
-1.072391586E+02
-1.107105865E+02
-1.023387833E+02
-1.048121948E+02
-1.151599426E+02
-1.067571640E+02
-1.046263809E+02
-1.101009216E+02
-1.060868759E+02
-1.034989777E+02
-1.088735809E+02
-1.042150269E+02
-1.053022003E+02
-1.202587128E+02
-1.046162109E+02
-1.056498795E+02
-1.200027008E+02
-1.086389618E+02
-1.136360092E+02
-1.080577698E+02
-1.035677719E+02
-1.157425842E+02
-9.948005676E+01
-1.068146515E+02
-1.179265900E+02
-1.098349152E+02
-1.083141251E+02
-1.104873352E+02
-1.058013458E+02
-1.072042389E+02
-1.095168152E+02
-1.142875671E+02
-1.086124420E+02
-1.039943619E+02
-1.150454330E+02
-1.097479401E+02
-1.070221252E+02
-1.117337875E+02
-1.077624435E+02
-1.030666351E+02
-1.012254181E+02
-1.133587570E+02
-1.135186005E+02
-1.062485046E+02
-1.066757813E+02
-1.111067352E+02
-1.062897186E+02
-1.063346176E+02
-1.109247589E+02
-1.069496765E+02
-1.146440048E+02
-1.056027145E+02
-1.076178665E+02
-1.080530090E+02
-1.084290161E+02
-1.040147476E+02
-1.083735504E+02
-1.055078506E+02
-1.061853104E+02
-1.206693573E+02
-1.025953064E+02
-1.089511795E+02
-1.145885468E+02
-1.073414307E+02
-1.031696167E+02
-1.104737701E+02
-1.205900955E+02
-1.074089890E+02
-1.024273834E+02
-1.051145020E+02
-1.083545837E+02
-1.078994675E+02
-1.030138016E+02
-1.118083038E+02
-1.056415710E+02
-1.038654327E+02
-1.040347595E+02
-1.157846527E+02
-1.060185242E+02
-1.049332581E+02
-1.071896210E+02
-1.077552032E+02
-1.114234314E+02
-1.039338074E+02
-1.072640152E+02
-1.117403412E+02
-9.976662445E+01
-1.176428680E+02
-1.109630127E+02
-1.118988647E+02
-1.046688385E+02
-1.067570038E+02
-1.215563278E+02
-1.063796616E+02
-1.064177322E+02
-1.037232895E+02
-1.081607971E+02
-1.029873962E+02
-1.058426971E+02
-1.211709442E+02
-1.061160126E+02
-1.058105545E+02
-1.034248657E+02
-1.172505646E+02
-1.113974686E+02
-1.074335098E+02
-1.115221329E+02
-1.089174957E+02
-1.072953949E+02
-1.060375595E+02
-1.112058258E+02
-1.168910828E+02
-1.109830780E+02
-1.088571320E+02
-1.046149063E+02
-1.049994736E+02
-1.059101105E+02
-1.034569855E+02
-1.034147720E+02
-1.060815430E+02
-1.049039154E+02
-1.129163971E+02
-1.102014847E+02
-1.151384430E+02
-1.146868591E+02
-1.119291077E+02
-1.109487839E+02
-1.124019775E+02
-1.174690552E+02
-1.332118530E+02
-1.112994232E+02
-1.096450195E+02
-1.092672653E+02
-1.016199493E+02
-1.043011856E+02
-1.077118759E+02
-1.293675385E+02
-1.107210693E+02
-1.052729797E+02
-1.054774780E+02
-1.136076279E+02
-1.095332184E+02
-1.166759567E+02
-1.141437378E+02
-1.019887085E+02
-1.019849701E+02
-1.116185608E+02
-1.039111328E+02
-1.068724747E+02
-1.009124146E+02
-1.137394409E+02
-1.034003372E+02
-1.078144379E+02
-1.031033173E+02
-1.055197449E+02
-1.112222748E+02
-1.115689163E+02
-1.160902328E+02
-1.056576996E+02
-1.060108261E+02
-1.042351379E+02
-1.112397461E+02
-1.057142029E+02
-1.063202744E+02
-1.094881897E+02
-1.073955612E+02
-1.100436020E+02
-1.143201065E+02
-1.076451111E+02
-1.063104706E+02
-1.112820587E+02
-1.244635620E+02
-1.121805573E+02
-1.074958954E+02
-1.041494064E+02
-1.173160706E+02
-1.104851379E+02
-1.052212601E+02
-1.110077209E+02
-1.073965302E+02
-1.062061615E+02
-1.010853424E+02
-1.041520844E+02
-1.039990311E+02
-1.106857376E+02
-1.070512466E+02
-1.069530029E+02
-1.093376923E+02
-1.179861069E+02
-1.027654572E+02
-1.092750244E+02
-1.201213455E+02
-1.062841797E+02
-1.075488129E+02
-1.079731140E+02
-1.165779190E+02
-1.128600235E+02
-1.125205841E+02
-1.044282379E+02
-1.051932831E+02
-1.101295166E+02
-1.097662735E+02
-1.064612503E+02
-1.140532379E+02
-1.039025116E+02
-1.171719666E+02
-1.069069824E+02
-1.138007278E+02
-1.083281708E+02
-1.158116531E+02
-1.046004181E+02
-1.050761261E+02
-1.085883408E+02
-1.039499588E+02
-1.062832184E+02
-1.082176132E+02
-1.044433594E+02
-1.018810577E+02
-1.072054596E+02
-1.138009262E+02
-1.143493958E+02
-1.114729614E+02
-1.184454651E+02
-1.052692566E+02
-1.034676437E+02
-1.133157272E+02
-1.024367599E+02
-1.120315933E+02
-1.077221603E+02
-1.114588623E+02
-1.056343994E+02
-1.133835220E+02
-1.093221970E+02
-1.083825684E+02
-1.060389633E+02
-1.100578232E+02
-1.110064011E+02
-1.130199051E+02
-1.061355133E+02
-1.186755981E+02
-1.023393173E+02
-1.103701859E+02
-1.079864883E+02
-1.233456802E+02
-1.053188934E+02
-1.121362152E+02
-1.130254974E+02
-1.079839706E+02
-1.060955963E+02
-1.173812561E+02
-1.043112183E+02
-1.056063766E+02
-1.134725647E+02
-1.036607056E+02
-1.063907318E+02
-1.093576431E+02
-1.100680847E+02
-1.102541351E+02
-1.069843979E+02
-1.133644714E+02
-1.061284332E+02
-1.024187622E+02
-1.010261459E+02
-1.037998352E+02
-1.050245361E+02
-1.009261246E+02
-1.035875626E+02
-1.075627899E+02
-1.113822556E+02
-1.111879120E+02
-1.151066971E+02
-1.147579117E+02
-1.032301254E+02
-1.197890396E+02
-1.072444992E+02
-1.143335342E+02
-1.030827942E+02
-1.182867584E+02
-1.066378632E+02
-1.103472900E+02
-1.166259308E+02
-1.299582825E+02
-1.174900436E+02
-1.058918686E+02
-1.196013565E+02
-1.211067200E+02
-1.132860184E+02
-1.062574921E+02
-1.060922623E+02
-1.097621002E+02
-1.048400803E+02
-1.181845856E+02
-1.123279495E+02
-1.109695587E+02
-1.154033279E+02
-1.097001724E+02
-1.049187622E+02
-1.094846497E+02
-1.055047226E+02
-1.068151932E+02
-1.042224426E+02
-1.077944489E+02
-1.078353500E+02
-1.059139175E+02
-1.177013321E+02
-1.167264557E+02
-1.052603531E+02
-1.117754211E+02
-1.098560410E+02
-1.220336914E+02
-1.088362579E+02
-1.083246994E+02
-1.009350967E+02
-1.098495102E+02
-1.053764267E+02
-1.170629196E+02
-1.086579590E+02
-1.070805283E+02
-1.071271820E+02
-1.216814041E+02
-1.003031158E+02
-1.004909973E+02
-1.022044296E+02
-1.194739456E+02
-1.106461334E+02
-1.072663498E+02
-1.083001328E+02
-1.042941284E+02
-1.095670319E+02
-1.151453094E+02
-1.076956940E+02
-1.047069244E+02
-1.079172211E+02
-1.122750015E+02
-1.100415878E+02
-1.170981979E+02
-9.955992889E+01
-1.126998749E+02
-1.096898193E+02
-1.133678894E+02
-1.108720245E+02
-1.048572464E+02
-1.037857819E+02
-1.106926575E+02
-1.099856949E+02
-1.027599030E+02
-1.050529480E+02
-1.104931564E+02
-1.042541046E+02
-1.100557632E+02
-1.026968231E+02
-1.090929794E+02
-1.026521301E+02
-1.009297943E+02
-1.137752609E+02
-1.164068604E+02
-1.046402130E+02
-1.117670364E+02
-1.006888962E+02
-1.128486328E+02
-1.061010132E+02
-1.079119797E+02
-1.068489075E+02
-1.087949066E+02
-1.105964279E+02
-1.124688721E+02
-1.065036316E+02
-1.039050446E+02
-1.011006088E+02
-1.110390015E+02
-1.119730988E+02
-1.130756989E+02
-1.127469482E+02
-1.159469299E+02
-1.119406128E+02
-1.123437195E+02
-1.076840973E+02
-1.030230713E+02
-1.063842773E+02
-1.145337677E+02
-1.072547073E+02
-1.064004974E+02
-1.030606232E+02
-9.985047150E+01
-1.237040710E+02
-1.079000397E+02
-1.069114532E+02
-1.069879456E+02
-1.092652969E+02
-1.035778656E+02
-1.083533783E+02
-1.062316055E+02
-1.055197144E+02
-9.997322845E+01
-1.125122833E+02
-1.075135117E+02
-1.122708893E+02
-1.168831635E+02
-1.035056229E+02
-9.885057068E+01
-1.117492065E+02
-1.189169312E+02
-1.123019333E+02
-1.064546890E+02
-1.116614990E+02
-1.001976395E+02
-1.349461212E+02
-1.128166275E+02
-1.121418762E+02
-1.118229065E+02
-1.025769043E+02
-1.015601654E+02
-1.092466125E+02
-1.041316376E+02
-1.080361481E+02
-1.100487213E+02
-1.128367233E+02
-1.085696869E+02
-1.062573166E+02
-1.110507126E+02
-1.120567780E+02
-1.035284119E+02
-1.156496735E+02
-1.145346375E+02
-9.892514038E+01
-1.166307220E+02
-1.075679474E+02
-1.225713272E+02
-1.157045441E+02
-1.079906311E+02
-1.147262955E+02
-1.200513153E+02
-1.171442261E+02
-1.021282959E+02
-1.091270142E+02
-1.100803757E+02
-1.109959488E+02
-1.062861710E+02
-1.093392181E+02
-1.128281784E+02
-1.120894470E+02
-1.038593140E+02
-1.089691238E+02
-1.077241669E+02
-1.062291412E+02
-1.104218292E+02
-1.036089172E+02
-9.688098907E+01
-1.250744324E+02
-1.050057144E+02
-1.053650742E+02
-1.028833084E+02
-9.897514343E+01
-9.993249512E+01
-1.251905823E+02
-1.033571777E+02
-1.079637909E+02
-1.034068985E+02
-1.084636765E+02
-1.171376038E+02
-1.052975769E+02
-1.073485184E+02
-9.915106201E+01
-1.070601578E+02
-1.207127457E+02
-1.046667175E+02
-1.205471649E+02
-1.182120819E+02
-1.164796906E+02
-1.046139832E+02
-1.121331863E+02
-1.079591827E+02
-1.048122025E+02
-1.031326141E+02
-1.131187515E+02
-1.011121750E+02
-1.083884888E+02
-1.060032730E+02
-1.091305618E+02
-1.013870621E+02
-1.159940948E+02
-1.158462219E+02
-1.172804108E+02
-1.107934875E+02
-1.105180969E+02
-1.000502777E+02
-1.051506882E+02
-1.074889221E+02
-1.116289825E+02
-1.188660889E+02
-1.018403702E+02
-1.310169067E+02
-1.050754623E+02
-1.101573181E+02
-1.196924438E+02
-1.115241852E+02
-1.088849335E+02
-1.048947983E+02
-1.055387268E+02
-1.149371719E+02
-1.092042236E+02
-1.072817307E+02
-1.231174393E+02
-1.082663879E+02
-1.079438019E+02
-1.119219360E+02
-1.093787460E+02
-1.177685547E+02
-1.066787033E+02
-1.143806534E+02
-1.136883850E+02
-1.043673859E+02
-1.274854889E+02
-1.022105255E+02
-1.096039963E+02
-1.100775070E+02
-1.213477936E+02
-1.024466019E+02
-1.088979416E+02
-1.103402405E+02
-1.219870071E+02
-1.068974457E+02
-1.111313324E+02
-1.199398727E+02
-1.173814316E+02
-1.091864853E+02
-1.098141861E+02
-1.129917068E+02
-1.130249329E+02
-1.030503387E+02
-1.152720337E+02
-1.039193039E+02
-1.025812454E+02
-1.043297729E+02
-1.157141190E+02
-1.067422104E+02
-1.103589706E+02
-1.053510361E+02
-1.047951660E+02
-1.050195160E+02
-1.143430023E+02
-1.098080597E+02
-1.102223663E+02
-1.070996552E+02
-1.088369293E+02
-1.042162018E+02
-1.136073761E+02
-1.074284058E+02
-1.108157654E+02
-1.050463562E+02
-1.118311234E+02
-1.172914200E+02
-1.061264725E+02
-1.047492065E+02
-1.193079376E+02
-1.129109573E+02
-1.289985352E+02
-1.004637985E+02
-1.088103943E+02
-1.102363892E+02
-1.026553421E+02
-1.098591309E+02
-1.051237106E+02
-1.174566498E+02
-1.149210434E+02
-1.123788834E+02
-1.103399353E+02
-1.161874771E+02
-1.023296509E+02
-1.103643951E+02
-1.114272003E+02
-1.008609848E+02
-1.042217407E+02
-1.072287750E+02
-1.080019379E+02
-1.091463089E+02
-1.058222122E+02
-1.029473495E+02
-1.003291397E+02
-1.024187851E+02
-1.127921371E+02
-1.104662323E+02
-1.090870590E+02
-1.096154938E+02
-1.093597260E+02
-1.059562073E+02
-1.100471954E+02
-1.088817291E+02
-1.071110992E+02
-1.083402710E+02
-1.066122131E+02
-1.153413849E+02
-1.033941956E+02
-1.122974243E+02
-1.116861038E+02
-1.052951431E+02
-1.089545059E+02
-1.047397766E+02
-1.060649490E+02
-1.094078674E+02
-1.084765472E+02
-1.135186005E+02
-1.070915375E+02
-1.164443893E+02
-1.086893616E+02
-1.020669556E+02
-1.030984497E+02
-1.084411621E+02
-1.106292267E+02
-1.098823853E+02
-1.099219894E+02
-1.118435593E+02
-1.071812363E+02
-1.097792969E+02
-1.079901886E+02
-1.048362808E+02
-1.112344513E+02
-1.018389969E+02
-1.114677582E+02
-1.063627777E+02
-1.070362701E+02
-1.130376129E+02
-1.103207321E+02
-1.070317841E+02
-1.034656143E+02
-1.034746704E+02
-1.087514954E+02
-1.116500931E+02
-1.070728912E+02
-1.079714584E+02
-1.063518906E+02
-1.136682968E+02
-1.045458908E+02
-1.119108124E+02
-1.122393341E+02
-1.048661499E+02
-1.059204941E+02
-1.056015320E+02
-1.073860550E+02
-1.087619171E+02
-1.024852829E+02
-1.117339401E+02
-1.031346893E+02
-1.125595093E+02
-1.053389816E+02
-1.054867477E+02
-1.096682816E+02
-1.110171509E+02
-1.116796265E+02
-9.949656677E+01
-1.198476410E+02
-1.043357849E+02
-1.077922134E+02
-1.132675095E+02
-1.040137634E+02
-1.031735687E+02
-1.173245316E+02
-1.053023376E+02
-1.031864929E+02
-1.235542755E+02
-1.001000137E+02
-1.082949448E+02
-1.054401245E+02
-1.112133331E+02
-1.052632828E+02
-1.037675781E+02
-1.071882553E+02
-1.055873795E+02
-1.144109955E+02
-1.233804779E+02
-1.134716339E+02
-1.208432846E+02
-1.190981750E+02
-1.033498688E+02
-1.058433151E+02
-1.062760773E+02
-1.117928467E+02
-1.077592850E+02
-1.027005386E+02
-1.054822540E+02
-1.046758957E+02
-1.131189880E+02
-1.154171371E+02
-1.187012482E+02
-1.013507538E+02
-1.023955994E+02
-1.086180954E+02
-1.035661774E+02
-1.193141556E+02
-1.103802567E+02
-1.021711884E+02
-1.141022339E+02
-1.189495239E+02
-1.129369278E+02
-1.089404297E+02
-1.108687973E+02
-1.091429901E+02
-1.082837601E+02
-1.071389389E+02
-1.048309784E+02
-1.167355804E+02
-1.098275681E+02
-1.121504211E+02
-1.067925262E+02
-1.089712219E+02
-1.052961426E+02
-1.079267807E+02
-1.108749008E+02
-1.164470367E+02
-1.004209213E+02
-1.048119812E+02
-1.105960388E+02
-1.148381729E+02
-1.225805588E+02
-1.012575455E+02
-1.025855942E+02
-1.073128204E+02
-1.057900925E+02
-1.088170624E+02
-1.072739792E+02
-1.046713867E+02
-1.046508102E+02
-1.073661423E+02
-1.082000351E+02
-1.118309021E+02
-1.104131317E+02
-1.028731918E+02
-1.078701859E+02
-1.135612869E+02
-1.207152252E+02
-1.066460876E+02
-1.197020874E+02
-1.188903046E+02
-1.089032135E+02
-1.131891708E+02
-1.043217926E+02
-1.018071442E+02
-1.137321320E+02
-1.139556885E+02
-1.174495850E+02
-1.000654526E+02
-1.019602966E+02
-1.022090302E+02
-1.027031403E+02
-1.093808594E+02
-1.218366089E+02
-1.052132721E+02
-1.038645248E+02
-1.116045761E+02
-1.124487305E+02
-1.029205246E+02
-1.040111923E+02
-1.032125092E+02
-1.118391724E+02
-1.144636917E+02
-1.166937180E+02
-1.052982941E+02
-1.093730774E+02
-1.113389130E+02
-1.116901855E+02
-1.092111893E+02
-1.024583588E+02
-1.080827179E+02
-1.241032104E+02
-1.088461914E+02
-1.045621109E+02
-1.094057465E+02
-1.205903778E+02
-1.255781403E+02
-1.109664230E+02
-1.025483322E+02
-1.033646088E+02
-1.020996475E+02
-1.095724335E+02
-1.222771530E+02
-1.089942245E+02
-1.030898132E+02
-1.056982422E+02
-1.048109589E+02
-1.133441315E+02
-1.119141998E+02
-1.092015228E+02
-1.082428284E+02
-1.100862808E+02
-1.157263184E+02
-1.163784866E+02
-1.048807678E+02
-1.093695831E+02
-1.145617828E+02
-1.174521027E+02
-1.183646240E+02
-1.064178467E+02
-1.111424637E+02
-1.169513702E+02
-1.105114746E+02
-1.076159058E+02
-1.157697372E+02
-1.121777649E+02
-1.040921707E+02
-1.076902008E+02
-1.037156219E+02
-1.071134186E+02
-1.069759750E+02
-1.007993774E+02
-1.070823212E+02
-1.034182892E+02
-1.110461349E+02
-1.085248947E+02
-1.019230652E+02
-1.056733627E+02
-1.123389816E+02
-1.030363388E+02
-1.027247162E+02
-1.107751083E+02
-1.093168793E+02
-1.028207474E+02
-1.237282486E+02
-1.043488770E+02
-1.080764160E+02
-1.084755783E+02
-1.398617096E+02
-1.103200531E+02
-1.068655014E+02
-9.853003693E+01
-1.073370285E+02
-1.057044601E+02
-1.095259018E+02
-1.202465744E+02
-1.070610504E+02
-1.055413818E+02
-1.219322510E+02
-1.056176910E+02
-1.061138458E+02
-1.172072754E+02
-1.017679138E+02
-1.176859589E+02
-1.107956314E+02
-1.002651367E+02
-1.033882446E+02
-1.083665314E+02
-1.089393158E+02
-1.026746216E+02
-1.269947662E+02
-1.074537048E+02
-1.110469360E+02
-1.060831528E+02
-1.133392181E+02
-1.020276566E+02
-1.102256393E+02
-1.059062500E+02
-1.078446655E+02
-1.079650879E+02
-1.081757736E+02
-1.045503693E+02
-1.151849213E+02
-1.033663483E+02
-1.048148422E+02
-1.108337402E+02
-1.087275314E+02
-1.085982132E+02
-1.123300247E+02
-1.129821777E+02
-1.155827332E+02
-1.123566284E+02
-1.176347275E+02
-1.147333221E+02
-1.162469406E+02
-1.052499847E+02
-1.108970642E+02
-1.061970062E+02
-1.079741669E+02
-1.054341202E+02
-1.155760498E+02
-1.098404007E+02
-1.117305069E+02
-1.113600540E+02
-1.072862549E+02
-1.191294556E+02
-1.042436066E+02
-1.066060028E+02
-1.066276245E+02
-1.138610458E+02
-1.143520660E+02
-1.065337296E+02
-1.030543976E+02
-1.063682404E+02
-1.087241821E+02
-1.107276917E+02
-1.136953354E+02
-1.074131393E+02
-1.143582916E+02
-1.065660019E+02
-1.070155258E+02
-1.073652191E+02
-1.124502487E+02
-1.028018799E+02
-1.044515915E+02
-1.035328827E+02
-1.162811432E+02
-1.029776917E+02
-1.213706665E+02
-1.124627838E+02
-1.068114853E+02
-1.164523926E+02
-1.063233109E+02
-1.196711349E+02
-1.044761353E+02
-1.129906616E+02
-1.040043335E+02
-1.090889359E+02
-1.022987061E+02
-1.113316269E+02
-1.113601685E+02
-1.055607300E+02
-1.086544952E+02
-1.020249786E+02
-1.033666077E+02
-1.057095337E+02
-1.155137024E+02
-1.145294800E+02
-1.168135910E+02
-1.120793457E+02
-1.062989197E+02
-1.020729904E+02
-1.073279877E+02
-1.038140182E+02
-1.206194763E+02
-1.104769440E+02
-1.154923172E+02
-1.058011627E+02
-1.116268005E+02
-1.074157028E+02
-1.130390091E+02
-1.114624176E+02
-1.055539398E+02
-1.048388214E+02
-1.150038223E+02
-1.146872787E+02
-1.078543167E+02
-1.148799515E+02
-1.075408096E+02
-1.069927902E+02
-1.125595474E+02
-1.080230026E+02
-1.048948517E+02
-1.063969574E+02
-1.150384903E+02
-1.121086426E+02
-1.022553558E+02
-1.060884933E+02
-1.032559204E+02
-1.047452545E+02
-1.083676300E+02
-1.041610031E+02
-1.065651245E+02
-1.127814636E+02
-1.093329620E+02
-1.031302338E+02
-1.030066071E+02
-1.046701965E+02
-1.142692108E+02
-1.014713898E+02
-1.122967606E+02
-9.983064270E+01
-1.140086212E+02
-1.153116531E+02
-1.122169113E+02
-1.229334183E+02
-1.067327881E+02
-1.113342361E+02
-1.100886078E+02
-1.178432007E+02
-1.026849365E+02
-1.040522079E+02
-1.033206253E+02
-1.115386200E+02
-1.296662598E+02
-1.117758102E+02
-1.075891495E+02
-1.023023224E+02
-1.119260788E+02
-1.239871292E+02
-1.065334167E+02
-1.072577667E+02
-1.022678757E+02
-1.080516357E+02
-1.085628433E+02
-1.128097458E+02
-1.074490051E+02
-1.113914490E+02
-1.063643494E+02
-1.059216309E+02
-1.091478271E+02
-1.009809418E+02
-1.063070984E+02
-1.083160400E+02
-1.089927673E+02
-1.035375214E+02
-1.085285187E+02
-1.165427780E+02
-1.042985077E+02
-1.127359695E+02
-1.077072144E+02
-1.094286652E+02
-1.116459351E+02
-1.095396805E+02
-1.031146698E+02
-1.055822449E+02
-1.105745621E+02
-1.106132431E+02
-1.143383713E+02
-1.007391968E+02
-1.096573639E+02
-1.101789780E+02
-1.085899200E+02
-1.181976776E+02
-1.110940552E+02
-1.044029236E+02
-1.124591751E+02
-1.138214874E+02
-1.035752411E+02
-1.048400192E+02
-1.193822403E+02
-1.020600128E+02
-1.022679977E+02
-1.075015564E+02
-1.081771545E+02
-1.143239288E+02
-1.069120941E+02
-1.112156296E+02
-1.064083710E+02
-1.086093292E+02
-1.090753555E+02
-1.055651932E+02
-1.062430649E+02
-1.158536835E+02
-1.074782715E+02
-1.009707565E+02
-1.108403397E+02
-1.072888336E+02
-1.188892517E+02
-1.041032715E+02
-1.115012054E+02
-1.091927185E+02
-1.071565247E+02
-1.127397995E+02
-1.139675903E+02
-1.037384872E+02
-1.059487228E+02
-1.144440918E+02
-1.026502838E+02
-1.031551743E+02
-1.199502182E+02
-1.094304581E+02
-1.061427917E+02
-1.082367859E+02
-1.119939728E+02
-1.070540695E+02
-1.079917450E+02
-1.097354507E+02
-1.077948303E+02
-1.173644714E+02
-1.167927704E+02
-1.130977707E+02
-1.076975250E+02
-1.083558731E+02
-1.070518570E+02
-1.123237915E+02
-1.157794037E+02
-1.070286865E+02
-1.223104553E+02
-1.096137314E+02
-1.051648407E+02
-1.077848053E+02
-1.152874603E+02
-1.126862946E+02
-1.120970535E+02
-1.019263840E+02
-1.157450562E+02
-1.067955780E+02
-1.074244385E+02
-1.070874634E+02
-1.095555191E+02
-1.030196838E+02
-1.283974152E+02
-1.052592163E+02
-1.062543106E+02
-1.098217392E+02
-1.064812622E+02
-1.249924774E+02
-1.088796310E+02
-1.111479111E+02
-1.052364197E+02
-1.146500092E+02
-1.075743256E+02
-1.066514282E+02
-1.096846924E+02
-1.057898712E+02
-1.074252167E+02
-1.077644424E+02
-1.046924667E+02
-1.139834747E+02
-1.108462067E+02
-1.087710876E+02
-1.001457672E+02
-1.185851669E+02
-1.073646927E+02
-1.012987137E+02
-1.150581512E+02
-1.101615295E+02
-1.157029877E+02
-1.010819855E+02
-1.082453613E+02
-1.018366852E+02
-1.147125244E+02
-1.280727539E+02
-1.102068634E+02
-1.028288116E+02
-1.041035614E+02
-1.039164276E+02
-1.048435974E+02
-1.099056702E+02
-1.047019958E+02
-1.042406540E+02
-1.173878784E+02
-1.021286850E+02
-1.046773682E+02
-1.019023590E+02
-1.128531494E+02
-1.084306183E+02
-1.074691696E+02
-1.088656921E+02
-1.068182755E+02
-1.093155670E+02
-1.106275024E+02
-1.117469711E+02
-1.138982010E+02
-1.015352631E+02
-1.089443588E+02
-1.083510895E+02
-1.026242065E+02
-1.090161743E+02
-1.089600983E+02
-1.076151886E+02
-1.023796692E+02
-1.075373154E+02
-1.035986786E+02
-1.094092484E+02
-1.085133972E+02
-1.119558563E+02
-1.063977127E+02
-1.056920547E+02
-1.128626175E+02
-1.029894562E+02
-1.141349869E+02
-1.125009995E+02
-1.139686279E+02
-1.065739441E+02
-1.145376434E+02
-1.080688477E+02
-1.061133728E+02
-1.224807358E+02
-1.111132507E+02
-1.061762543E+02
-1.055614624E+02
-1.100002975E+02
-1.172581482E+02
-1.038710938E+02
-1.023201828E+02
-1.044142990E+02
-1.082641144E+02
-1.073632965E+02
-1.122535629E+02
-1.091935883E+02
-1.008513184E+02
-1.040219803E+02
-1.125775146E+02
-1.172990494E+02
-1.171291199E+02
-1.227013092E+02
-1.107129669E+02
-1.156327667E+02
-1.071703339E+02
-1.106316223E+02
-1.169073410E+02
-1.099821625E+02
-1.061124878E+02
-1.034576569E+02
-1.057938690E+02
-1.058195114E+02
-1.070086365E+02
-1.031152496E+02
-1.052656937E+02
-1.042328720E+02
-1.080581741E+02
-1.097776184E+02
-1.107144241E+02
-1.043224640E+02
-1.061522675E+02
-1.025089111E+02
-1.082334900E+02
-1.093067474E+02
-1.050931396E+02
-1.028244095E+02
-1.060461578E+02
-1.167237244E+02
-1.042390747E+02
-1.086663361E+02
-1.071553726E+02
-1.227437592E+02
-1.040557861E+02
-1.081578369E+02
-1.044179535E+02
-1.150461197E+02
-1.148922348E+02
-1.024498901E+02
-1.014984589E+02
-1.082710266E+02
-1.180616760E+02
-1.051145248E+02
-1.078036652E+02
-1.128827591E+02
-1.099270248E+02
-1.124098587E+02
-1.084568863E+02
-1.018763580E+02
-1.110236740E+02
-1.161592789E+02
-1.052454224E+02
-1.094174194E+02
-1.012489243E+02
-1.082554016E+02
-1.069929199E+02
-1.127640228E+02
-1.191120453E+02
-1.072472305E+02
-1.141800003E+02
-1.043763809E+02
-1.130337906E+02
-1.125729370E+02
-1.222513428E+02
-1.197903595E+02
-1.056073761E+02
-1.098763733E+02
-1.146307678E+02
-1.154554825E+02
-1.067539902E+02
-1.194332886E+02
-1.097010422E+02
-1.005042191E+02
-1.052960815E+02
-1.045426865E+02
-1.041116486E+02
-1.041711502E+02
-1.187815857E+02
-1.060003357E+02
-1.042596817E+02
-1.125654984E+02
-1.053622589E+02
-1.189906006E+02
-1.158309555E+02
-1.065660934E+02
-1.090282059E+02
-1.080522156E+02
-1.064552460E+02
-1.148244171E+02
-1.066453094E+02
-1.063399582E+02
-1.063278885E+02
-1.138298340E+02
-1.067684784E+02
-1.142493744E+02
-1.100080490E+02
-1.086883621E+02
-1.086484604E+02
-1.066195831E+02
-1.071614456E+02
-1.037716675E+02
-1.070360641E+02
-1.113366547E+02
-1.057003632E+02
-1.112491608E+02
-1.038550110E+02
-1.068072891E+02
-1.018903656E+02
-1.031577606E+02
-1.104753571E+02
-1.095380554E+02
-1.133366318E+02
-1.064965668E+02
-1.146298676E+02
-1.025005341E+02
-1.097020874E+02
-1.160392303E+02
-1.084226532E+02
-1.087296906E+02
-1.077230530E+02
-1.211350250E+02
-1.053146286E+02
-1.076189346E+02
-1.104069138E+02
-1.005173035E+02
-1.115649872E+02
-1.017843170E+02
-1.130518723E+02
-1.104105682E+02
-1.077461929E+02
-1.058062057E+02
-1.068688354E+02
-1.126693039E+02
-1.080731964E+02
-1.080892792E+02
-1.059915466E+02
-1.025280914E+02
-1.051330566E+02
-1.166277237E+02
-1.185293732E+02
-1.063856888E+02
-1.123230438E+02
-1.085129547E+02
-1.111355286E+02
-1.012576447E+02
-1.051862183E+02
-1.059352493E+02
-1.105693893E+02
-9.841140747E+01
-1.042993164E+02
-1.102761002E+02
-1.039171677E+02
-1.114335632E+02
-1.220132599E+02
-1.097545166E+02
-1.024405212E+02
-1.079680176E+02
-1.111606140E+02
-1.073385773E+02
-1.144921494E+02
-1.058362579E+02
-1.073086929E+02
-1.046657486E+02
-1.176608887E+02
-1.216579895E+02
-1.042781219E+02
-1.141025696E+02
-1.128706512E+02
-1.011742554E+02
-1.069970398E+02
-1.015168076E+02
-1.028213959E+02
-1.157637787E+02
-1.026688461E+02
-1.053911133E+02
-1.122196121E+02
-1.092323227E+02
-1.133299561E+02
-1.096247482E+02
-1.173113251E+02
-1.047224274E+02
-1.193043900E+02
-1.081498642E+02
-1.080251694E+02
-1.067690353E+02
-1.095136871E+02
-1.186211319E+02
-1.076599121E+02
-1.054060211E+02
-1.046423035E+02
-1.038894958E+02
-1.030831451E+02
-1.096508942E+02
-1.060497894E+02
-1.065348663E+02
-1.026485062E+02
-1.087478943E+02
-1.085320282E+02
-1.170048523E+02
-1.051468658E+02
-1.103970413E+02
-1.086950684E+02
-1.033064423E+02
-1.012525940E+02
-1.116390686E+02
-1.105668793E+02
-1.072506561E+02
-1.046150360E+02
-1.185643845E+02
-1.212085724E+02
-1.059653549E+02
-1.149627609E+02
-1.057440262E+02
-1.086180191E+02
-1.107088623E+02
-1.038103333E+02
-1.106323700E+02
-1.046515579E+02
-1.193575592E+02
-1.157220764E+02
-1.075507355E+02
-1.078738403E+02
-1.069182510E+02
-1.079152222E+02
-1.137288055E+02
-1.103169174E+02
-1.275089874E+02
-1.060048065E+02
-1.243443146E+02
-1.074684753E+02
-1.157002182E+02
-1.159749146E+02
-1.086696243E+02
-1.135647507E+02
-1.046089935E+02
-1.133906860E+02
-1.214183807E+02
-1.306300659E+02
-1.073998184E+02
-1.071972733E+02
-1.155480118E+02
-1.075656281E+02
-1.070454102E+02
-1.042057648E+02
-1.100032196E+02
-1.212046509E+02
-1.048231201E+02
-1.038767548E+02
-1.058938522E+02
-1.115603027E+02
-1.112670593E+02
-1.175333328E+02
-1.096063156E+02
-1.073198547E+02
-1.041649170E+02
-1.215438690E+02
-1.071212387E+02
-1.040305634E+02
-1.041955566E+02
-9.979490662E+01
-1.020127258E+02
-1.065922394E+02
-1.056479797E+02
-1.128613205E+02
-1.119634552E+02
-1.107758484E+02
-1.175028076E+02
-1.133952713E+02
-1.130720978E+02
-1.196762390E+02
-1.053224335E+02
-1.060263138E+02
-1.062954788E+02
-1.066556473E+02
-1.027708054E+02
-1.038931122E+02
-1.057409363E+02
-1.012931824E+02
-1.057239380E+02
-1.099252930E+02
-1.092565460E+02
-1.183810425E+02
-1.043397980E+02
-1.056538239E+02
-1.183496857E+02
-1.116490097E+02
-1.098216248E+02
-1.032405396E+02
-1.128527069E+02
-1.167495422E+02
-1.070449753E+02
-1.095106506E+02
-1.143237152E+02
-1.156490250E+02
-1.028512878E+02
-1.222644958E+02
-1.083277054E+02
-1.156319046E+02
-1.052654114E+02
-1.125822144E+02
-1.098746185E+02
-1.116748047E+02
-1.057018661E+02
-1.122037811E+02
-1.026443481E+02
-1.079260635E+02
-1.093445511E+02
-1.082634048E+02
-1.032112503E+02
-1.042552109E+02
-1.109614944E+02
-1.102475662E+02
-1.047580032E+02
-1.034087524E+02
-1.064760513E+02
-1.091193085E+02
-1.112297058E+02
-1.101966934E+02
-1.074002380E+02
-1.080183563E+02
-1.022368546E+02
-1.068704147E+02
-1.122335739E+02
-1.143841705E+02
-1.085791473E+02
-1.049104996E+02
-1.155707703E+02
-1.047218704E+02
-1.026082687E+02
-1.116040192E+02
-1.063540192E+02
-1.072376251E+02
-1.090509949E+02
-1.042145157E+02
-1.080763931E+02
-1.078686447E+02
-1.072029266E+02
-1.056552200E+02
-1.008531494E+02
-9.764425659E+01
-1.115440750E+02
-1.066885757E+02
-1.040634842E+02
-1.107459183E+02
-1.073644714E+02
-1.096564636E+02
-1.108083801E+02
-1.073630371E+02
-1.105855484E+02
-1.150234833E+02
-1.130444946E+02
-1.024936523E+02
-1.047338409E+02
-1.072579803E+02
-1.079931717E+02
-1.090512848E+02
-1.078354187E+02
-1.087648621E+02
-1.257455902E+02
-1.044940872E+02
-1.055278473E+02
-1.132580643E+02
-1.111020737E+02
-1.131619949E+02
-1.128745422E+02
-1.255056686E+02
-1.022366028E+02
-1.058840179E+02
-1.046884460E+02
-1.224818039E+02
-1.068144379E+02
-1.136147156E+02
-1.085648193E+02
-1.125252075E+02
-1.193540802E+02
-1.214545593E+02
-1.002093658E+02
-1.100987549E+02
-1.132592087E+02
-1.177221603E+02
-1.133005371E+02
-1.093826447E+02
-1.033581848E+02
-1.081405945E+02
-1.054699326E+02
-1.061999969E+02
-1.077587204E+02
-1.084075012E+02
-1.008769836E+02
-1.097288818E+02
-1.047696762E+02
-1.047823257E+02
-1.042358856E+02
-1.063471069E+02
-1.049565506E+02
-1.063713989E+02
-1.086151886E+02
-1.060100555E+02
-1.104876633E+02
-1.064819946E+02
-1.041617661E+02
-1.285679016E+02
-1.051974411E+02
-1.078418427E+02
-1.020779037E+02
-1.091790085E+02
-1.195432663E+02
-1.041077271E+02
-1.105991364E+02
-1.074776611E+02
-1.112526321E+02
-1.127449799E+02
-1.144080429E+02
-1.056996460E+02
-1.110152817E+02
-1.066648865E+02
-1.058388596E+02
-1.099110336E+02
-1.029500961E+02
-1.153858566E+02
-1.051228180E+02
-1.073296967E+02
-1.075806732E+02
-1.045393219E+02
-1.050775757E+02
-1.013754425E+02
-1.040970154E+02
-1.102140656E+02
-1.045268097E+02
-1.026141281E+02
-1.126600952E+02
-1.111007614E+02
-1.204538422E+02
-1.211338120E+02
-1.037101288E+02
-1.043461685E+02
-1.042856140E+02
-1.051577072E+02
-1.058985138E+02
-1.178671570E+02
-1.035555344E+02
-1.033271027E+02
-1.156953278E+02
-1.078449936E+02
-1.042413025E+02
-1.070753174E+02
-1.111728287E+02
-1.113319244E+02
-1.051078186E+02
-1.074546738E+02
-1.023501282E+02
-1.200371475E+02
-1.027726669E+02
-1.059440308E+02
-1.035570831E+02
-1.022673950E+02
-1.195885620E+02
-1.018903351E+02
-1.023736954E+02
-1.119404602E+02
-1.096921616E+02
-1.090681381E+02
-1.225376511E+02
-1.086524277E+02
-1.009006500E+02
-1.197752380E+02
-1.092427521E+02
-1.104646683E+02
-1.020502319E+02
-1.057846832E+02
-1.124437637E+02
-1.074858551E+02
-1.160565109E+02
-1.141233521E+02
-1.036319427E+02
-1.126230698E+02
-1.162215576E+02
-1.057474594E+02
-1.144740448E+02
-1.244655457E+02
-1.098947983E+02
-1.054178314E+02
-1.134821014E+02
-1.037184830E+02
-1.065525818E+02
-1.103150787E+02
-1.067509308E+02
-1.003071671E+02
-1.128192444E+02
-1.074155121E+02
-1.056806641E+02
-1.150887299E+02
-1.006428452E+02
-1.176216431E+02
-1.080179214E+02
-1.000216064E+02
-1.071059113E+02
-1.029868011E+02
-1.039301300E+02
-1.145602493E+02
-1.093297272E+02
-1.113099594E+02
-1.194091797E+02
-1.082635651E+02
-1.162811203E+02
-1.050093918E+02
-1.038683167E+02
-1.165174789E+02
-1.110500412E+02
-1.073893280E+02
-1.122759552E+02
-1.048697586E+02
-1.105581665E+02
-1.148429871E+02
-1.184667511E+02
-1.097384338E+02
