17495.65017 1.481490876e-06 2.630231359e-14
17500.62406 1.347224169e-06 2.630975397e-14
17505.59795 1.100345716e-06 2.631719436e-14
17510.57184 1.274353374e-06 2.632463474e-14
17515.54573 1.074604376e-06 2.633207513e-14
17520.51962 1.152295284e-06 2.633951551e-14
17525.49351 1.110900704e-06 2.63469559e-14
17530.4674 1.132774851e-06 2.635439628e-14
17535.44129 1.036018874e-06 2.636183667e-14
17540.41518 1.228956352e-06 2.636927705e-14
17545.38907 1.09523802e-06 2.637671744e-14
17550.36296 1.101427564e-06 2.638415782e-14
17555.33685 1.084186881e-06 2.639159821e-14
17560.31074 1.06044318e-06 2.639903859e-14
17565.28463 1.093693612e-06 2.640647898e-14
17570.25852 1.08272273e-06 2.641391936e-14
17575.23241 1.129990048e-06 2.642135975e-14
17580.2063 1.103742585e-06 2.642880013e-14
17585.18019 1.068566021e-06 2.643624052e-14
17590.15408 1.157049676e-06 2.64436809e-14
17595.12797 1.031831363e-06 2.645112129e-14
17600.10186 1.132232547e-06 2.645856167e-14
17605.07575 1.164081191e-06 2.646600206e-14
17610.04964 1.099659063e-06 2.647344244e-14
17615.02353 1.098103563e-06 2.648088283e-14
17619.99742 1.091869658e-06 2.648832321e-14
17624.97131 1.02163012e-06 2.64957636e-14
17629.9452 1.046602119e-06 2.650320398e-14
17634.91909 1.046657896e-06 2.651064437e-14
17639.89298 1.11179565e-06 2.651808475e-14
17644.86687 1.034173733e-06 2.652552514e-14
17649.84076 1.115291237e-06 2.653296552e-14
17654.81465 1.128353296e-06 2.654040591e-14
17659.78854 1.057623718e-06 2.654784629e-14
17664.76243 1.116739994e-06 2.655528668e-14
17669.73632 1.127354922e-06 2.656272706e-14
17674.71021 9.930273072e-07 2.657016745e-14
17679.6841 1.004925142e-06 2.657760783e-14
17684.65799 1.056240688e-06 2.658504822e-14
17689.63188 1.122459375e-06 2.65924886e-14
17694.60577 1.116338055e-06 2.659992899e-14
17699.57966 1.08106127e-06 2.660736937e-14
17704.55355 9.911171953e-07 2.661480976e-14
17709.52744 1.142317791e-06 2.662225014e-14
17714.50133 1.10812407e-06 2.662969053e-14
17719.47522 1.132572644e-06 2.663713091e-14
17724.44911 1.112927162e-06 2.66445713e-14
17729.423 1.103939468e-06 2.665201168e-14
17734.39689 1.105069563e-06 2.665945207e-14
17739.37078 1.051674999e-06 2.666689245e-14
17744.34467 1.03963105e-06 2.667433284e-14
17749.31856 1.123520132e-06 2.668177322e-14
17754.29245 1.21296132e-06 2.668921361e-14
17759.26634 1.10238084e-06 2.669665399e-14
17764.24023 1.105697172e-06 2.670409438e-14
17769.21412 1.255933591e-06 2.671153476e-14
17774.18801 1.082087717e-06 2.671897515e-14
17779.1619 1.209716804e-06 2.672641553e-14
17784.13579 1.200116631e-06 2.673385592e-14
17789.10968 1.201252187e-06 2.67412963e-14
17794.08357 1.043187946e-06 2.674873669e-14
17799.05746 1.064394702e-06 2.675617707e-14
17804.03135 1.109807654e-06 2.676361746e-14
17809.00524 1.119300287e-06 2.677105784e-14
17813.97913 1.262659935e-06 2.677849823e-14
17818.95302 1.182524606e-06 2.678593861e-14
17823.92691 1.090362449e-06 2.6793379e-14
17828.9008 1.153837996e-06 2.680081938e-14
17833.87469 1.272068044e-06 2.680825977e-14
17838.84858 1.095304796e-06 2.681570015e-14
17843.82247 1.214162843e-06 2.682314054e-14
17848.79636 1.163735753e-06 2.683058092e-14
17853.77025 1.132199644e-06 2.683802131e-14
17858.74414 1.233513398e-06 2.684546169e-14
17863.71803 1.27716939e-06 2.685290208e-14
17868.69192 1.186382081e-06 2.686034246e-14
17873.66581 1.167858199e-06 2.686778285e-14
17878.6397 1.099990677e-06 2.687522323e-14
17883.61359 1.080710152e-06 2.688266362e-14
17888.58748 1.2757503e-06 2.6890104e-14
17893.56137 1.115314004e-06 2.689754439e-14
17898.53526 1.292259325e-06 2.690498477e-14
17903.50915 1.173947329e-06 2.691242516e-14
17908.48304 1.199359775e-06 2.691986554e-14
17913.45693 1.076159024e-06 2.692730593e-14
17918.43082 1.107575377e-06 2.693474631e-14
17923.40471 1.100164506e-06 2.69421867e-14
17928.3786 1.132601153e-06 2.694962708e-14
17933.35249 1.1372699e-06 2.695706747e-14
17938.32638 1.120106606e-06 2.696450785e-14
17943.30027 1.179381443e-06 2.697194824e-14
17948.27416 1.190920235e-06 2.697938862e-14
17953.24805 1.075233282e-06 2.698682901e-14
17958.22194 1.202342447e-06 2.699426939e-14
17963.19583 1.177687642e-06 2.700170978e-14
17968.16972 1.216214877e-06 2.700915016e-14
17973.14361 1.099580239e-06 2.701659055e-14
17978.1175 1.112297098e-06 2.702403093e-14
17983.09139 1.355134005e-06 2.703147132e-14
17988.06528 1.131481312e-06 2.70389117e-14
17993.03917 1.222316153e-06 2.704635209e-14
17998.01306 1.107586469e-06 2.705379247e-14
18002.98694 1.32846777e-06 2.706123286e-14
18007.96083 1.15355257e-06 2.706867324e-14
18012.93472 1.13910782e-06 2.707611363e-14
18017.90861 1.167918001e-06 2.708355401e-14
18022.8825 1.267973228e-06 2.70909944e-14
18027.85639 1.145057876e-06 2.709843478e-14
18032.83028 1.041337295e-06 2.710587517e-14
18037.80417 1.208759219e-06 2.711331555e-14
18042.77806 1.166838394e-06 2.712075594e-14
18047.75195 1.153774439e-06 2.712819632e-14
18052.72584 1.271653454e-06 2.71356367e-14
18057.69973 1.171212819e-06 2.714307709e-14
18062.67362 1.066342116e-06 2.715051747e-14
18067.64751 1.120151403e-06 2.715795786e-14
18072.6214 1.149616366e-06 2.716539824e-14
18077.59529 1.176212567e-06 2.717283863e-14
18082.56918 1.253625747e-06 2.718027901e-14
18087.54307 1.134696895e-06 2.71877194e-14
18092.51696 1.161717175e-06 2.719515978e-14
18097.49085 1.109683491e-06 2.720260017e-14
18102.46474 1.107479913e-06 2.721004055e-14
18107.43863 1.113778631e-06 2.721748094e-14
18112.41252 1.21812091e-06 2.722492132e-14
18117.38641 1.144347316e-06 2.723236171e-14
18122.3603 1.160083624e-06 2.723980209e-14
18127.33419 1.419509541e-06 2.724724248e-14
18132.30808 1.20645325e-06 2.725468286e-14
18137.28197 1.135045253e-06 2.726212325e-14
18142.25586 1.163804632e-06 2.726956363e-14
18147.22975 1.063959425e-06 2.727700402e-14
18152.20364 1.155066198e-06 2.72844444e-14
18157.17753 1.104831682e-06 2.729188479e-14
18162.15142 1.073257899e-06 2.729932517e-14
18167.12531 1.345075241e-06 2.730676556e-14
18172.0992 1.172089721e-06 2.731420594e-14
18177.07309 1.164740228e-06 2.732164633e-14
18182.04698 1.159855222e-06 2.732908671e-14
18187.02087 1.200429729e-06 2.73365271e-14
18191.99476 1.159342769e-06 2.734396748e-14
18196.96865 1.173246699e-06 2.735140787e-14
18201.94254 1.089853893e-06 2.735884825e-14
18206.91643 1.113671112e-06 2.736628864e-14
18211.89032 1.214811092e-06 2.737372902e-14
18216.86421 1.195371131e-06 2.738116941e-14
18221.8381 1.152463631e-06 2.738860979e-14
18226.81199 1.186046733e-06 2.739605018e-14
18231.78588 1.170772251e-06 2.740349056e-14
18236.75977 1.164415893e-06 2.741093095e-14
18241.73366 1.206704487e-06 2.741837133e-14
18246.70755 1.096484297e-06 2.742581172e-14
18251.68144 1.169359998e-06 2.74332521e-14
18256.65533 1.151692364e-06 2.744069249e-14
18261.62922 1.25448749e-06 2.744813287e-14
18266.60311 1.223303469e-06 2.745557326e-14
18271.577 1.159419314e-06 2.746301364e-14
18276.55089 1.234373125e-06 2.747045403e-14
18281.52478 1.371489867e-06 2.747789441e-14
18286.49867 1.080974838e-06 2.74853348e-14
18291.47256 1.230116526e-06 2.749277518e-14
18296.44645 1.381293893e-06 2.750021557e-14
18301.42034 1.199654094e-06 2.750765595e-14
18306.39423 1.111430113e-06 2.751509634e-14
18311.36812 1.210575083e-06 2.752253672e-14
18316.34201 1.10552086e-06 2.752997711e-14
18321.3159 1.192612531e-06 2.753741749e-14
18326.28979 1.260674412e-06 2.754485788e-14
18331.26368 1.165832855e-06 2.755229826e-14
18336.23757 1.193268951e-06 2.755973865e-14
18341.21146 1.19982285e-06 2.756717903e-14
18346.18535 1.214784763e-06 2.757461942e-14
18351.15924 1.162319168e-06 2.75820598e-14
18356.13313 1.178033192e-06 2.758950019e-14
18361.10702 1.219490764e-06 2.759694057e-14
18366.08091 1.090342793e-06 2.760438096e-14
18371.0548 1.09946485e-06 2.761182134e-14
18376.02869 1.224690471e-06 2.761926173e-14
18381.00258 1.198669801e-06 2.762670211e-14
18385.97647 1.205488077e-06 2.76341425e-14
18390.95036 1.151178874e-06 2.764158288e-14
18395.92425 1.291450852e-06 2.764902327e-14
18400.89814 1.26298433e-06 2.765646365e-14
18405.87203 1.13832835e-06 2.766390404e-14
18410.84592 1.086656846e-06 2.767134442e-14
18415.81981 1.371081359e-06 2.767878481e-14
18420.7937 1.263836773e-06 2.768622519e-14
18425.76759 1.175864616e-06 2.769366558e-14
18430.74148 1.158510652e-06 2.770110596e-14
18435.71537 1.140909428e-06 2.770854635e-14
18440.68926 1.241779834e-06 2.771598673e-14
18445.66315 1.176648892e-06 2.772342712e-14
18450.63704 1.137664682e-06 2.77308675e-14
18455.61093 1.134493571e-06 2.773830789e-14
18460.58482 1.17719662e-06 2.774574827e-14
18465.55871 1.064858212e-06 2.775318866e-14
18470.5326 1.109375873e-06 2.776062904e-14
18475.50649 1.205542094e-06 2.776806943e-14
18480.48038 1.029671508e-06 2.777550981e-14
18485.45427 1.053368278e-06 2.77829502e-14
18490.42816 1.18675181e-06 2.779039058e-14
18495.40205 1.108752826e-06 2.779783097e-14
18500.37594 1.136755625e-06 2.780527135e-14
