17648.65017 6.260766525e-20 5.944758598e-19
17648.65842 4.324515716e-19 5.944758598e-19
17648.66667 -1.022625906e-19 5.944758598e-19
17648.67492 5.738026963e-19 5.944758598e-19
17648.68317 7.840449991e-19 5.944758598e-19
17648.69142 5.190267764e-19 5.944758598e-19
17648.69967 5.602822019e-19 5.944758598e-19
17648.70792 -1.520279463e-19 5.944758598e-19
17648.71617 -5.973747131e-19 5.944758598e-19
17648.72442 -3.657869247e-19 5.944758598e-19
17648.73267 -4.709924835e-19 5.944758598e-19
17648.74092 -1.169200752e-18 5.944758598e-19
17648.74917 -1.305431341e-18 5.944758598e-19
17648.75743 -1.211164769e-18 5.944758598e-19
17648.76568 -7.029784035e-19 5.944758598e-19
17648.77393 3.418954181e-19 5.944758598e-19
17648.78218 5.661448861e-19 5.944758598e-19
17648.79043 6.634351407e-19 5.944758598e-19
17648.79868 5.572274422e-19 5.944758598e-19
17648.80693 -2.386104763e-20 5.944758598e-19
17648.81518 3.198128335e-19 5.944758598e-19
17648.82343 1.05299191e-18 5.944758598e-19
17648.83168 3.0771387e-20 5.944758598e-19
17648.83993 1.163204901e-19 5.944758598e-19
17648.84818 1.928652747e-19 5.944758598e-19
17648.85644 -8.121035493e-19 5.944758598e-19
17648.86469 -3.05792363e-19 5.944758598e-19
17648.87294 -5.951278504e-19 5.944758598e-19
17648.88119 -3.839793392e-19 5.944758598e-19
17648.88944 7.467659642e-19 5.944758598e-19
17648.89769 -3.332187414e-19 5.944758598e-19
17648.90594 -6.922088161e-19 5.944758598e-19
17648.91419 -5.339112739e-19 5.944758598e-19
17648.92244 -7.594501563e-19 5.944758598e-19
17648.93069 -5.393432218e-19 5.944758598e-19
17648.93894 -4.939326324e-19 5.944758598e-19
17648.94719 -3.987275005e-19 5.944758598e-19
17648.95545 1.945021056e-19 5.944758598e-19
17648.9637 8.013901728e-19 5.944758598e-19
17648.97195 -2.838189005e-19 5.944758598e-19
17648.9802 -1.155326034e-18 5.944758598e-19
17648.98845 -7.99950964e-19 5.944758598e-19
17648.9967 -2.415091453e-19 5.944758598e-19
17649.00495 -1.04096889e-18 5.944758598e-19
17649.0132 -1.293081281e-18 5.944758598e-19
17649.02145 -6.209313682e-20 5.944758598e-19
17649.0297 1.212875734e-19 5.944758598e-19
17649.03795 1.880497889e-19 5.944758598e-19
17649.0462 5.245717639e-19 5.944758598e-19
17649.05446 3.617018354e-19 5.944758598e-19
17649.06271 -1.289626084e-20 5.944758598e-19
17649.07096 -7.798330692e-19 5.944758598e-19
17649.07921 -5.297890405e-19 5.944758598e-19
17649.08746 -1.181027841e-20 5.944758598e-19
17649.09571 1.51485488e-19 5.944758598e-19
17649.10396 2.927195858e-19 5.944758598e-19
17649.11221 -7.548580431e-19 5.944758598e-19
17649.12046 -1.085166181e-18 5.944758598e-19
17649.12871 1.018397874e-19 5.944758598e-19
17649.13696 1.790201098e-19 5.944758598e-19
17649.14521 3.911981904e-19 5.944758598e-19
17649.15347 1.057415987e-18 5.944758598e-19
17649.16172 9.004072551e-19 5.944758598e-19
17649.16997 -1.431174954e-21 5.944758598e-19
17649.17822 -3.01974426e-19 5.944758598e-19
17649.18647 -3.065653474e-19 5.944758598e-19
17649.19472 -6.77030737e-19 5.944758598e-19
17649.20297 -3.254514275e-20 5.944758598e-19
17649.21122 6.598652659e-19 5.944758598e-19
17649.21947 2.899882446e-19 5.944758598e-19
17649.22772 3.807492059e-19 5.944758598e-19
17649.23597 3.368953941e-19 5.944758598e-19
17649.24422 -1.207329019e-18 5.944758598e-19
17649.25248 -1.484415196e-18 5.944758598e-19
17649.26073 -1.311496052e-19 5.944758598e-19
17649.26898 5.497805355e-19 5.944758598e-19
17649.27723 2.018488193e-19 5.944758598e-19
17649.28548 1.074636749e-18 5.944758598e-19
17649.29373 1.011876405e-18 5.944758598e-19
17649.30198 -2.445407771e-20 5.944758598e-19
17649.31023 2.221147636e-19 5.944758598e-19
17649.31848 3.334838211e-19 5.944758598e-19
17649.32673 1.118044035e-19 5.944758598e-19
17649.33498 2.356954951e-19 5.944758598e-19
17649.34323 5.093475274e-19 5.944758598e-19
17649.35149 -2.084930708e-19 5.944758598e-19
17649.35974 -9.585068399e-20 5.944758598e-19
17649.36799 1.087277834e-18 5.944758598e-19
17649.37624 9.399638126e-19 5.944758598e-19
17649.38449 5.633726939e-19 5.944758598e-19
17649.39274 5.041680451e-19 5.944758598e-19
17649.40099 4.949273493e-19 5.944758598e-19
17649.40924 9.393070934e-19 5.944758598e-19
17649.41749 6.549059244e-19 5.944758598e-19
17649.42574 2.512392457e-19 5.944758598e-19
17649.43399 2.917387841e-19 5.944758598e-19
17649.44224 5.518727342e-19 5.944758598e-19
17649.4505 8.909123776e-19 5.944758598e-19
17649.45875 1.165278363e-18 5.944758598e-19
17649.467 8.287075947e-19 5.944758598e-19
17649.47525 -4.078034884e-20 5.944758598e-19
17649.4835 -3.693863147e-19 5.944758598e-19
17649.49175 -9.766072131e-20 5.944758598e-19
17649.5 3.767000121e-19 5.944758598e-19
17649.50825 6.078074304e-19 5.944758598e-19
17649.5165 -8.118066303e-20 5.944758598e-19
17649.52475 -6.730253022e-19 5.944758598e-19
17649.533 -1.226562218e-19 5.944758598e-19
17649.54125 5.786365025e-20 5.944758598e-19
17649.5495 3.146875172e-19 5.944758598e-19
17649.55776 5.610315401e-19 5.944758598e-19
17649.56601 1.164582578e-18 5.944758598e-19
17649.57426 4.971338945e-19 5.944758598e-19
17649.58251 -6.381815923e-19 5.944758598e-19
17649.59076 -7.637024835e-19 5.944758598e-19
17649.59901 -3.434011445e-19 5.944758598e-19
17649.60726 6.222395265e-19 5.944758598e-19
17649.61551 3.826227357e-19 5.944758598e-19
17649.62376 -4.187386894e-19 5.944758598e-19
17649.63201 4.05945608e-19 5.944758598e-19
17649.64026 5.189166459e-19 5.944758598e-19
17649.64851 4.098029337e-19 5.944758598e-19
17649.65677 5.920555608e-19 5.944758598e-19
17649.66502 3.170254948e-19 5.944758598e-19
17649.67327 7.240382779e-19 5.944758598e-19
17649.68152 3.765569704e-20 5.944758598e-19
17649.68977 7.731712212e-19 5.944758598e-19
17649.69802 1.413603819e-18 5.944758598e-19
17649.70627 -3.488194494e-19 5.944758598e-19
17649.71452 5.775034976e-20 5.944758598e-19
17649.72277 4.135362988e-19 5.944758598e-19
17649.73102 6.020437037e-19 5.944758598e-19
17649.73927 1.47035013e-18 5.944758598e-19
17649.74752 3.911198543e-19 5.944758598e-19
17649.75578 -9.356583868e-19 5.944758598e-19
17649.76403 -3.659950277e-19 5.944758598e-19
17649.77228 9.070380491e-19 5.944758598e-19
17649.78053 -6.414055898e-20 5.944758598e-19
17649.78878 -6.270056636e-19 5.944758598e-19
17649.79703 -2.592642493e-19 5.944758598e-19
17649.80528 -1.258959342e-19 5.944758598e-19
17649.81353 -8.490092348e-19 5.944758598e-19
17649.82178 -1.086817224e-18 5.944758598e-19
17649.83003 -4.74690119e-19 5.944758598e-19
17649.83828 -2.272134758e-19 5.944758598e-19
17649.84653 -1.712082694e-19 5.944758598e-19
17649.85479 -7.301079361e-20 5.944758598e-19
17649.86304 5.002204703e-19 5.944758598e-19
17649.87129 1.873888885e-19 5.944758598e-19
17649.87954 2.509277603e-19 5.944758598e-19
17649.88779 6.961367888e-19 5.944758598e-19
17649.89604 5.777503527e-19 5.944758598e-19
17649.90429 -4.489502834e-20 5.944758598e-19
17649.91254 1.691183393e-19 5.944758598e-19
17649.92079 1.471218064e-19 5.944758598e-19
17649.92904 -8.447376285e-19 5.944758598e-19
17649.93729 -1.316254066e-19 5.944758598e-19
17649.94554 9.388088483e-20 5.944758598e-19
17649.9538 -2.519622741e-19 5.944758598e-19
17649.96205 6.859634587e-20 5.944758598e-19
17649.9703 -2.72658084e-19 5.944758598e-19
17649.97855 -1.653141968e-19 5.944758598e-19
17649.9868 -5.097822032e-19 5.944758598e-19
17649.99505 -5.315141089e-19 5.944758598e-19
17650.0033 -4.390731862e-19 5.944758598e-19
17650.01155 -6.148229851e-20 5.944758598e-19
17650.0198 -2.741080789e-20 5.944758598e-19
17650.02805 -7.079725583e-19 5.944758598e-19
17650.0363 3.157698678e-20 5.944758598e-19
17650.04455 5.619114252e-19 5.944758598e-19
17650.05281 9.796499682e-19 5.944758598e-19
17650.06106 6.094473637e-19 5.944758598e-19
17650.06931 3.489234053e-19 5.944758598e-19
17650.07756 9.366884064e-20 5.944758598e-19
17650.08581 -5.39871836e-19 5.944758598e-19
17650.09406 -4.134741173e-19 5.944758598e-19
17650.10231 -4.321018383e-19 5.944758598e-19
17650.11056 -5.893806442e-19 5.944758598e-19
17650.11881 -1.521782281e-19 5.944758598e-19
17650.12706 -4.837130207e-19 5.944758598e-19
17650.13531 -3.135070905e-19 5.944758598e-19
17650.14356 7.048417947e-19 5.944758598e-19
17650.15182 -5.645555413e-19 5.944758598e-19
17650.16007 -8.295986238e-19 5.944758598e-19
17650.16832 5.80080713e-19 5.944758598e-19
17650.17657 8.803309419e-19 5.944758598e-19
17650.18482 7.061336672e-19 5.944758598e-19
17650.19307 5.837943148e-19 5.944758598e-19
17650.20132 1.438523717e-19 5.944758598e-19
17650.20957 -2.379271273e-19 5.944758598e-19
17650.21782 4.114946673e-20 5.944758598e-19
17650.22607 4.489165819e-19 5.944758598e-19
17650.23432 6.140259222e-19 5.944758598e-19
17650.24257 1.132276094e-19 5.944758598e-19
17650.25083 -3.524075573e-19 5.944758598e-19
17650.25908 -1.429800812e-20 5.944758598e-19
17650.26733 4.763041327e-19 5.944758598e-19
17650.27558 4.580136932e-19 5.944758598e-19
17650.28383 -2.459307604e-19 5.944758598e-19
17650.29208 -6.42165363e-19 5.944758598e-19
17650.30033 -3.965816816e-19 5.944758598e-19
17650.30858 -6.404558047e-19 5.944758598e-19
17650.31683 -4.880972664e-19 5.944758598e-19
17650.32508 -3.809249554e-19 5.944758598e-19
17650.33333 -4.823763504e-19 5.944758598e-19
17650.34158 4.337171717e-20 5.944758598e-19
17650.34983 -1.492370906e-19 5.944758598e-19
17650.35809 -4.705986939e-19 5.944758598e-19
17650.36634 -3.566500568e-19 5.944758598e-19
17650.37459 -1.803954042e-19 5.944758598e-19
17650.38284 3.866811666e-19 5.944758598e-19
17650.39109 4.256122087e-19 5.944758598e-19
17650.39934 -5.959561208e-19 5.944758598e-19
17650.40759 -5.204474929e-19 5.944758598e-19
17650.41584 -1.781617335e-20 5.944758598e-19
17650.42409 -6.606196431e-19 5.944758598e-19
17650.43234 -5.019393478e-19 5.944758598e-19
17650.44059 2.024207525e-19 5.944758598e-19
17650.44884 3.243124353e-19 5.944758598e-19
17650.4571 7.454845239e-20 5.944758598e-19
17650.46535 -6.151027135e-19 5.944758598e-19
17650.4736 -1.043352437e-18 5.944758598e-19
17650.48185 -4.625836338e-19 5.944758598e-19
17650.4901 -4.789168922e-19 5.944758598e-19
17650.49835 -1.073778396e-18 5.944758598e-19
17650.5066 -8.920820517e-19 5.944758598e-19
17650.51485 -1.178657836e-19 5.944758598e-19
17650.5231 2.023884781e-19 5.944758598e-19
17650.53135 -1.12336658e-19 5.944758598e-19
17650.5396 -1.107245511e-18 5.944758598e-19
17650.54785 -1.02242649e-18 5.944758598e-19
17650.55611 -1.112799439e-18 5.944758598e-19
17650.56436 -1.177949402e-18 5.944758598e-19
17650.57261 4.053797247e-19 5.944758598e-19
17650.58086 6.700655359e-19 5.944758598e-19
17650.58911 -1.876519646e-19 5.944758598e-19
17650.59736 -6.277798895e-19 5.944758598e-19
17650.60561 2.022680636e-19 5.944758598e-19
17650.61386 -1.604447423e-19 5.944758598e-19
17650.62211 -1.077565368e-18 5.944758598e-19
17650.63036 -3.818485194e-19 5.944758598e-19
17650.63861 4.274920131e-19 5.944758598e-19
17650.64686 2.530627625e-19 5.944758598e-19
17650.65512 -3.144144488e-20 5.944758598e-19
17650.66337 8.190554712e-20 5.944758598e-19
17650.67162 7.278611656e-19 5.944758598e-19
17650.67987 1.186050825e-18 5.944758598e-19
17650.68812 1.728267622e-20 5.944758598e-19
17650.69637 1.579877977e-19 5.944758598e-19
17650.70462 3.105713659e-19 5.944758598e-19
17650.71287 4.559607795e-19 5.944758598e-19
17650.72112 8.039346297e-19 5.944758598e-19
17650.72937 -2.15576274e-19 5.944758598e-19
17650.73762 -4.398585887e-19 5.944758598e-19
17650.74587 -1.005021587e-18 5.944758598e-19
17650.75413 -8.030529767e-19 5.944758598e-19
17650.76238 6.647375687e-19 5.944758598e-19
17650.77063 8.327594869e-19 5.944758598e-19
17650.77888 6.676367102e-19 5.944758598e-19
17650.78713 7.661455857e-20 5.944758598e-19
17650.79538 -3.787834304e-19 5.944758598e-19
17650.80363 5.79410653e-19 5.944758598e-19
17650.81188 4.170462995e-19 5.944758598e-19
17650.82013 -9.396603101e-19 5.944758598e-19
17650.82838 -5.853932888e-19 5.944758598e-19
17650.83663 1.117150924e-19 5.944758598e-19
17650.84488 -8.611783446e-20 5.944758598e-19
17650.85314 -4.1739968e-19 5.944758598e-19
17650.86139 -5.150186216e-19 5.944758598e-19
17650.86964 -1.866031029e-19 5.944758598e-19
17650.87789 1.948990411e-19 5.944758598e-19
17650.88614 1.02148916e-19 5.944758598e-19
17650.89439 2.065208192e-19 5.944758598e-19
17650.90264 3.472411292e-19 5.944758598e-19
17650.91089 -2.373674638e-19 5.944758598e-19
17650.91914 -1.065383481e-18 5.944758598e-19
17650.92739 -1.01437248e-18 5.944758598e-19
17650.93564 1.412801687e-19 5.944758598e-19
17650.94389 1.111143577e-18 5.944758598e-19
17650.95215 5.654310811e-19 5.944758598e-19
17650.9604 -5.26047347e-19 5.944758598e-19
17650.96865 -4.487373241e-19 5.944758598e-19
17650.9769 2.063403883e-19 5.944758598e-19
17650.98515 2.361871962e-19 5.944758598e-19
17650.9934 1.227128856e-19 5.944758598e-19
17651.00165 6.32392797e-19 5.944758598e-19
17651.0099 9.1852068e-19 5.944758598e-19
17651.01815 3.633719934e-19 5.944758598e-19
17651.0264 -4.468497586e-19 5.944758598e-19
17651.03465 3.259507918e-20 5.944758598e-19
17651.0429 6.434598848e-19 5.944758598e-19
17651.05116 6.498455921e-19 5.944758598e-19
17651.05941 4.973004703e-19 5.944758598e-19
17651.06766 6.172810443e-19 5.944758598e-19
17651.07591 5.856463411e-19 5.944758598e-19
17651.08416 -5.210628557e-19 5.944758598e-19
17651.09241 -6.460414659e-19 5.944758598e-19
17651.10066 2.909623158e-19 5.944758598e-19
17651.10891 6.415325083e-19 5.944758598e-19
17651.11716 1.033039242e-18 5.944758598e-19
17651.12541 6.245103248e-20 5.944758598e-19
17651.13366 1.857367805e-19 5.944758598e-19
17651.14191 3.46282334e-19 5.944758598e-19
17651.15017 -4.31177844e-19 5.944758598e-19
17651.15842 6.289863954e-19 5.944758598e-19
17651.16667 5.191745315e-19 5.944758598e-19
17651.17492 -6.826162387e-19 5.944758598e-19
17651.18317 -1.459860408e-18 5.944758598e-19
17651.19142 -1.322581644e-18 5.944758598e-19
17651.19967 3.174620194e-20 5.944758598e-19
17651.20792 4.203830845e-19 5.944758598e-19
17651.21617 -3.975760334e-19 5.944758598e-19
17651.22442 -1.036242384e-18 5.944758598e-19
17651.23267 -1.093630511e-18 5.944758598e-19
17651.24092 -2.222009474e-19 5.944758598e-19
17651.24917 6.785071823e-19 5.944758598e-19
17651.25743 6.629658082e-19 5.944758598e-19
17651.26568 2.763565792e-19 5.944758598e-19
17651.27393 3.647530727e-19 5.944758598e-19
17651.28218 1.872967751e-19 5.944758598e-19
17651.29043 -2.692833936e-19 5.944758598e-19
17651.29868 -1.156295798e-18 5.944758598e-19
17651.30693 -8.790908389e-19 5.944758598e-19
17651.31518 4.563995431e-19 5.944758598e-19
17651.32343 3.864208099e-19 5.944758598e-19
17651.33168 5.409797868e-19 5.944758598e-19
17651.33993 8.484314644e-19 5.944758598e-19
17651.34818 -2.187922636e-20 5.944758598e-19
17651.35644 -5.687573476e-19 5.944758598e-19
17651.36469 -3.647920296e-19 5.944758598e-19
17651.37294 5.622872364e-22 5.944758598e-19
17651.38119 2.89607971e-19 5.944758598e-19
17651.38944 5.624876601e-19 5.944758598e-19
17651.39769 4.230870037e-19 5.944758598e-19
17651.40594 5.69574306e-19 5.944758598e-19
17651.41419 8.890268936e-19 5.944758598e-19
17651.42244 1.007264266e-18 5.944758598e-19
17651.43069 1.189397663e-18 5.944758598e-19
17651.43894 1.371102914e-18 5.944758598e-19
17651.44719 9.612529599e-19 5.944758598e-19
17651.45545 -2.673573554e-20 5.944758598e-19
17651.4637 -1.077567792e-18 5.944758598e-19
17651.47195 -8.108313569e-19 5.944758598e-19
17651.4802 6.260467962e-20 5.944758598e-19
17651.48845 -2.198653703e-19 5.944758598e-19
17651.4967 -5.237153088e-19 5.944758598e-19
17651.50495 -5.866147455e-19 5.944758598e-19
17651.5132 -5.91152107e-20 5.944758598e-19
17651.52145 -2.715481607e-19 5.944758598e-19
17651.5297 -8.709402297e-19 5.944758598e-19
17651.53795 -2.041353576e-19 5.944758598e-19
17651.5462 1.971526261e-19 5.944758598e-19
17651.55446 -6.567244072e-19 5.944758598e-19
17651.56271 -7.238767034e-19 5.944758598e-19
17651.57096 -3.659855313e-19 5.944758598e-19
17651.57921 -6.872402997e-19 5.944758598e-19
17651.58746 -4.283330101e-19 5.944758598e-19
17651.59571 -4.161742263e-19 5.944758598e-19
17651.60396 -5.389430186e-20 5.944758598e-19
17651.61221 5.596335724e-20 5.944758598e-19
17651.62046 -2.254998133e-19 5.944758598e-19
17651.62871 -5.80159009e-20 5.944758598e-19
17651.63696 2.158690829e-19 5.944758598e-19
17651.64521 -3.043629575e-19 5.944758598e-19
17651.65347 -4.941174812e-19 5.944758598e-19
17651.66172 5.033052579e-19 5.944758598e-19
17651.66997 6.982581865e-19 5.944758598e-19
17651.67822 5.928722778e-19 5.944758598e-19
17651.68647 2.897772413e-19 5.944758598e-19
17651.69472 -7.566744657e-19 5.944758598e-19
17651.70297 -1.070632539e-18 5.944758598e-19
17651.71122 -8.765870982e-19 5.944758598e-19
17651.71947 -5.645046256e-20 5.944758598e-19
17651.72772 1.040452113e-19 5.944758598e-19
17651.73597 -6.69984565e-20 5.944758598e-19
17651.74422 5.16868341e-19 5.944758598e-19
17651.75248 7.138302504e-19 5.944758598e-19
17651.76073 9.424058258e-19 5.944758598e-19
17651.76898 9.113094719e-20 5.944758598e-19
17651.77723 1.292642199e-19 5.944758598e-19
17651.78548 7.20035326e-19 5.944758598e-19
17651.79373 2.642783525e-19 5.944758598e-19
17651.80198 6.798678779e-20 5.944758598e-19
17651.81023 -3.760037163e-19 5.944758598e-19
17651.81848 -6.493657096e-19 5.944758598e-19
17651.82673 -2.253844211e-20 5.944758598e-19
17651.83498 -4.477464079e-19 5.944758598e-19
17651.84323 -1.061205456e-18 5.944758598e-19
17651.85149 -3.731983448e-19 5.944758598e-19
17651.85974 -1.324185808e-19 5.944758598e-19
17651.86799 -4.398389688e-19 5.944758598e-19
17651.87624 -5.112596903e-19 5.944758598e-19
17651.88449 -1.741498423e-19 5.944758598e-19
17651.89274 4.495932568e-19 5.944758598e-19
17651.90099 2.640189524e-20 5.944758598e-19
17651.90924 -4.606743511e-20 5.944758598e-19
17651.91749 7.772792179e-20 5.944758598e-19
17651.92574 -5.093065003e-19 5.944758598e-19
17651.93399 -6.86162815e-19 5.944758598e-19
17651.94224 -9.113141491e-19 5.944758598e-19
17651.9505 -3.693762142e-19 5.944758598e-19
17651.95875 1.687292173e-19 5.944758598e-19
17651.967 2.971370651e-19 5.944758598e-19
17651.97525 2.96380336e-19 5.944758598e-19
17651.9835 2.433052264e-19 5.944758598e-19
17651.99175 1.278878902e-18 5.944758598e-19
17652 1.166628306e-18 5.944758598e-19
17652.00825 2.57498227e-19 5.944758598e-19
17652.0165 -8.739969786e-19 5.944758598e-19
17652.02475 -1.200050778e-18 5.944758598e-19
17652.033 -6.383572388e-19 5.944758598e-19
17652.04125 -2.50423908e-19 5.944758598e-19
17652.0495 4.590301004e-19 5.944758598e-19
17652.05776 -2.557957501e-19 5.944758598e-19
17652.06601 -1.080565804e-18 5.944758598e-19
17652.07426 -5.854725597e-19 5.944758598e-19
17652.08251 -2.496318061e-19 5.944758598e-19
17652.09076 -2.996257379e-20 5.944758598e-19
17652.09901 -8.580637679e-19 5.944758598e-19
17652.10726 -1.332095769e-18 5.944758598e-19
17652.11551 -2.220423505e-19 5.944758598e-19
17652.12376 3.69050471e-19 5.944758598e-19
17652.13201 -5.00245882e-20 5.944758598e-19
17652.14026 -1.129322198e-18 5.944758598e-19
17652.14851 -3.019773189e-19 5.944758598e-19
17652.15677 1.285504187e-19 5.944758598e-19
17652.16502 -3.061949219e-19 5.944758598e-19
17652.17327 -2.694092393e-20 5.944758598e-19
17652.18152 -3.411428171e-19 5.944758598e-19
17652.18977 4.748315189e-19 5.944758598e-19
17652.19802 5.12490747e-19 5.944758598e-19
17652.20627 -5.395650234e-19 5.944758598e-19
17652.21452 -1.165179608e-18 5.944758598e-19
17652.22277 -7.629790002e-19 5.944758598e-19
17652.23102 -4.589885962e-19 5.944758598e-19
17652.23927 -2.677867392e-19 5.944758598e-19
17652.24752 4.991166244e-19 5.944758598e-19
17652.25578 3.411778145e-19 5.944758598e-19
17652.26403 -4.730192358e-19 5.944758598e-19
17652.27228 -1.081986352e-18 5.944758598e-19
17652.28053 -6.367360887e-19 5.944758598e-19
17652.28878 -5.772587407e-19 5.944758598e-19
17652.29703 6.217114986e-21 5.944758598e-19
17652.30528 6.473082687e-19 5.944758598e-19
17652.31353 -9.58969599e-20 5.944758598e-19
17652.32178 -3.045602049e-19 5.944758598e-19
17652.33003 5.521822619e-19 5.944758598e-19
17652.33828 3.076101438e-19 5.944758598e-19
17652.34653 2.033843448e-19 5.944758598e-19
17652.35479 2.060958108e-19 5.944758598e-19
17652.36304 -1.205735505e-19 5.944758598e-19
17652.37129 -1.047357598e-19 5.944758598e-19
17652.37954 -2.646395173e-19 5.944758598e-19
17652.38779 -1.125678268e-19 5.944758598e-19
17652.39604 -2.115888433e-19 5.944758598e-19
17652.40429 -5.130231512e-19 5.944758598e-19
17652.41254 -2.402270514e-19 5.944758598e-19
17652.42079 3.429852724e-20 5.944758598e-19
17652.42904 1.389546048e-19 5.944758598e-19
17652.43729 2.241681078e-19 5.944758598e-19
17652.44554 1.514048926e-19 5.944758598e-19
17652.4538 2.554896269e-19 5.944758598e-19
17652.46205 2.880930179e-19 5.944758598e-19
17652.4703 1.554418107e-19 5.944758598e-19
17652.47855 7.029663251e-19 5.944758598e-19
17652.4868 5.363261321e-19 5.944758598e-19
17652.49505 1.53794591e-19 5.944758598e-19
17652.5033 8.056703403e-19 5.944758598e-19
17652.51155 5.426025402e-19 5.944758598e-19
17652.5198 7.276042799e-19 5.944758598e-19
17652.52805 6.82933118e-19 5.944758598e-19
17652.5363 8.757890678e-19 5.944758598e-19
17652.54455 8.909039976e-19 5.944758598e-19
17652.55281 -2.726560506e-20 5.944758598e-19
17652.56106 -3.052794707e-19 5.944758598e-19
17652.56931 6.54606568e-20 5.944758598e-19
17652.57756 4.473755131e-19 5.944758598e-19
17652.58581 3.680728445e-19 5.944758598e-19
17652.59406 1.824588616e-19 5.944758598e-19
17652.60231 -2.666426835e-19 5.944758598e-19
17652.61056 -5.007639252e-19 5.944758598e-19
17652.61881 -1.587319881e-19 5.944758598e-19
17652.62706 -5.089527969e-19 5.944758598e-19
17652.63531 -6.086543473e-19 5.944758598e-19
17652.64356 7.940734427e-19 5.944758598e-19
17652.65182 6.233813211e-19 5.944758598e-19
17652.66007 -8.301433752e-20 5.944758598e-19
17652.66832 -4.036981376e-19 5.944758598e-19
17652.67657 -6.852649924e-19 5.944758598e-19
17652.68482 2.979577737e-20 5.944758598e-19
17652.69307 1.84461623e-19 5.944758598e-19
17652.70132 3.958222369e-19 5.944758598e-19
17652.70957 6.253936745e-19 5.944758598e-19
17652.71782 -8.573577527e-20 5.944758598e-19
17652.72607 -1.020259577e-18 5.944758598e-19
17652.73432 -8.718995992e-19 5.944758598e-19
17652.74257 -8.067451289e-19 5.944758598e-19
17652.75083 -1.038687847e-18 5.944758598e-19
17652.75908 -3.854034798e-20 5.944758598e-19
17652.76733 4.10161083e-19 5.944758598e-19
17652.77558 5.578985225e-19 5.944758598e-19
17652.78383 6.360693793e-19 5.944758598e-19
17652.79208 2.692653749e-19 5.944758598e-19
17652.80033 2.199890087e-19 5.944758598e-19
17652.80858 -1.591925959e-19 5.944758598e-19
17652.81683 -3.989845185e-19 5.944758598e-19
17652.82508 -4.837391923e-19 5.944758598e-19
17652.83333 -3.183394831e-19 5.944758598e-19
17652.84158 -4.794663082e-19 5.944758598e-19
17652.84983 -7.629563485e-20 5.944758598e-19
17652.85809 3.484152033e-19 5.944758598e-19
17652.86634 4.660670735e-19 5.944758598e-19
17652.87459 7.810815013e-19 5.944758598e-19
17652.88284 3.851301844e-19 5.944758598e-19
17652.89109 6.558075732e-20 5.944758598e-19
17652.89934 4.081839422e-19 5.944758598e-19
17652.90759 9.619922381e-20 5.944758598e-19
17652.91584 -4.30854036e-19 5.944758598e-19
17652.92409 3.805026349e-19 5.944758598e-19
17652.93234 1.65518215e-18 5.944758598e-19
17652.94059 2.305940828e-18 5.944758598e-19
17652.94884 1.084169951e-18 5.944758598e-19
17652.9571 5.826211349e-19 5.944758598e-19
17652.96535 1.105781463e-18 5.944758598e-19
17652.9736 9.047682329e-19 5.944758598e-19
17652.98185 -3.062230073e-19 5.944758598e-19
17652.9901 -5.433029285e-19 5.944758598e-19
17652.99835 1.062036903e-18 5.944758598e-19
17653.0066 5.276674304e-19 5.944758598e-19
17653.01485 -4.531531479e-20 5.944758598e-19
17653.0231 2.358784287e-19 5.944758598e-19
17653.03135 -3.895379705e-19 5.944758598e-19
17653.0396 -5.166555494e-19 5.944758598e-19
17653.04785 -9.349014649e-19 5.944758598e-19
17653.05611 -6.324269439e-19 5.944758598e-19
17653.06436 -6.039099888e-19 5.944758598e-19
17653.07261 -8.498248116e-19 5.944758598e-19
17653.08086 -2.460666158e-19 5.944758598e-19
17653.08911 6.107946725e-19 5.944758598e-19
17653.09736 1.072827216e-19 5.944758598e-19
17653.10561 -5.147326846e-20 5.944758598e-19
17653.11386 7.30862666e-19 5.944758598e-19
17653.12211 9.844299901e-19 5.944758598e-19
17653.13036 1.037927554e-18 5.944758598e-19
17653.13861 1.071716368e-18 5.944758598e-19
17653.14686 1.902870778e-18 5.944758598e-19
17653.15512 7.514533071e-19 5.944758598e-19
17653.16337 -3.051970929e-19 5.944758598e-19
17653.17162 4.95951193e-19 5.944758598e-19
17653.17987 -1.062898545e-19 5.944758598e-19
17653.18812 -1.915807949e-19 5.944758598e-19
17653.19637 1.036197205e-19 5.944758598e-19
17653.20462 -7.431599618e-21 5.944758598e-19
17653.21287 6.929273301e-19 5.944758598e-19
17653.22112 4.805037176e-19 5.944758598e-19
17653.22937 1.937374951e-19 5.944758598e-19
17653.23762 7.841405544e-19 5.944758598e-19
17653.24587 9.921067465e-19 5.944758598e-19
17653.25413 -1.408760211e-19 5.944758598e-19
17653.26238 -9.987441775e-19 5.944758598e-19
17653.27063 -5.297569794e-19 5.944758598e-19
17653.27888 1.283890905e-19 5.944758598e-19
17653.28713 7.651987609e-19 5.944758598e-19
17653.29538 6.674429751e-19 5.944758598e-19
17653.30363 1.99239289e-19 5.944758598e-19
17653.31188 6.891778743e-19 5.944758598e-19
17653.32013 7.411003827e-19 5.944758598e-19
17653.32838 7.467113149e-19 5.944758598e-19
17653.33663 1.177225514e-18 5.944758598e-19
17653.34488 -1.820103684e-19 5.944758598e-19
17653.35314 -2.751130044e-19 5.944758598e-19
17653.36139 8.883807875e-19 5.944758598e-19
17653.36964 1.087883258e-18 5.944758598e-19
17653.37789 6.365796734e-19 5.944758598e-19
17653.38614 9.020510223e-20 5.944758598e-19
17653.39439 6.362556807e-19 5.944758598e-19
17653.40264 3.825534476e-19 5.944758598e-19
17653.41089 -2.325060553e-19 5.944758598e-19
17653.41914 -1.360279812e-20 5.944758598e-19
17653.42739 9.886312007e-19 5.944758598e-19
17653.43564 8.588732022e-19 5.944758598e-19
17653.44389 -1.368745925e-19 5.944758598e-19
17653.45215 -1.214780416e-19 5.944758598e-19
17653.4604 -8.26672577e-20 5.944758598e-19
17653.46865 -1.571281599e-19 5.944758598e-19
17653.4769 4.439982546e-19 5.944758598e-19
17653.48515 2.736153903e-19 5.944758598e-19
17653.4934 3.621385273e-19 5.944758598e-19
17653.50165 -9.33668799e-20 5.944758598e-19
17653.5099 -7.47480388e-19 5.944758598e-19
17653.51815 1.417946692e-19 5.944758598e-19
17653.5264 1.060342597e-18 5.944758598e-19
17653.53465 1.210084024e-18 5.944758598e-19
17653.5429 9.710856189e-19 5.944758598e-19
17653.55116 3.286330549e-19 5.944758598e-19
17653.55941 2.815285578e-20 5.944758598e-19
17653.56766 3.492283903e-19 5.944758598e-19
17653.57591 7.248262916e-19 5.944758598e-19
17653.58416 4.660761184e-19 5.944758598e-19
17653.59241 -1.547907044e-20 5.944758598e-19
17653.60066 -7.996816789e-20 5.944758598e-19
17653.60891 -3.769092268e-19 5.944758598e-19
17653.61716 -1.213468151e-20 5.944758598e-19
17653.62541 7.073011087e-19 5.944758598e-19
17653.63366 1.043312747e-18 5.944758598e-19
17653.64191 1.271798558e-18 5.944758598e-19
17653.65017 7.284926165e-20 5.944758598e-19
17653.65842 -6.186624463e-19 5.944758598e-19
17653.66667 -1.326729886e-19 5.944758598e-19
17653.67492 -2.961294744e-19 5.944758598e-19
17653.68317 -1.688821681e-19 5.944758598e-19
17653.69142 -1.014019372e-19 5.944758598e-19
17653.69967 -2.903838775e-19 5.944758598e-19
17653.70792 -4.468358005e-19 5.944758598e-19
17653.71617 8.675521087e-20 5.944758598e-19
17653.72442 2.282772576e-19 5.944758598e-19
17653.73267 -2.83579476e-19 5.944758598e-19
17653.74092 -3.502423953e-19 5.944758598e-19
17653.74917 -4.67526529e-19 5.944758598e-19
17653.75743 -1.199852237e-19 5.944758598e-19
17653.76568 -3.471806763e-19 5.944758598e-19
17653.77393 -1.165095511e-18 5.944758598e-19
17653.78218 -4.276785846e-19 5.944758598e-19
17653.79043 2.113859637e-20 5.944758598e-19
17653.79868 3.78904686e-19 5.944758598e-19
17653.80693 -1.171706599e-19 5.944758598e-19
17653.81518 -1.17913828e-18 5.944758598e-19
17653.82343 -6.508898144e-19 5.944758598e-19
17653.83168 -4.984996166e-19 5.944758598e-19
17653.83993 -9.796436916e-20 5.944758598e-19
17653.84818 -1.440446482e-19 5.944758598e-19
17653.85644 -5.942214776e-19 5.944758598e-19
17653.86469 1.454023353e-19 5.944758598e-19
17653.87294 -1.7915664e-20 5.944758598e-19
17653.88119 -6.461435039e-19 5.944758598e-19
17653.88944 -4.779443094e-19 5.944758598e-19
17653.89769 1.82421431e-19 5.944758598e-19
17653.90594 -2.938080574e-20 5.944758598e-19
17653.91419 -1.080077264e-18 5.944758598e-19
17653.92244 -9.643952901e-19 5.944758598e-19
17653.93069 6.24001573e-19 5.944758598e-19
17653.93894 1.165419085e-18 5.944758598e-19
17653.94719 -9.310992668e-20 5.944758598e-19
17653.95545 -4.539287503e-19 5.944758598e-19
17653.9637 1.896765474e-19 5.944758598e-19
17653.97195 -4.424911844e-19 5.944758598e-19
17653.9802 -2.033440243e-19 5.944758598e-19
17653.98845 2.156969313e-19 5.944758598e-19
17653.9967 -4.455351463e-19 5.944758598e-19
17654.00495 -4.348338015e-19 5.944758598e-19
17654.0132 -4.095304875e-19 5.944758598e-19
17654.02145 -6.911714484e-19 5.944758598e-19
17654.0297 -2.565275661e-19 5.944758598e-19
17654.03795 5.782234022e-20 5.944758598e-19
17654.0462 3.861955802e-20 5.944758598e-19
17654.05446 1.256061474e-19 5.944758598e-19
17654.06271 1.250191746e-19 5.944758598e-19
17654.07096 5.549608981e-19 5.944758598e-19
17654.07921 3.64030601e-19 5.944758598e-19
17654.08746 -5.0693286e-19 5.944758598e-19
17654.09571 -5.488356985e-19 5.944758598e-19
17654.10396 -1.036800653e-18 5.944758598e-19
17654.11221 -1.394309861e-18 5.944758598e-19
17654.12046 -7.12290522e-19 5.944758598e-19
17654.12871 -2.417073556e-19 5.944758598e-19
17654.13696 -1.294587539e-19 5.944758598e-19
17654.14521 -2.91720766e-19 5.944758598e-19
17654.15347 4.022329579e-20 5.944758598e-19
17654.16172 -5.126959062e-19 5.944758598e-19
17654.16997 -1.256963741e-18 5.944758598e-19
17654.17822 -7.039630271e-19 5.944758598e-19
17654.18647 -2.626533429e-19 5.944758598e-19
17654.19472 -3.895934762e-19 5.944758598e-19
17654.20297 -3.965282849e-19 5.944758598e-19
17654.21122 -2.12182872e-19 5.944758598e-19
17654.21947 -4.077870142e-19 5.944758598e-19
17654.22772 -1.148309373e-19 5.944758598e-19
17654.23597 2.453966552e-19 5.944758598e-19
17654.24422 -9.471517228e-20 5.944758598e-19
17654.25248 -5.358032635e-19 5.944758598e-19
17654.26073 -2.638591033e-19 5.944758598e-19
17654.26898 -9.838090761e-20 5.944758598e-19
17654.27723 -4.182331052e-19 5.944758598e-19
17654.28548 2.626047232e-19 5.944758598e-19
17654.29373 3.815023213e-19 5.944758598e-19
17654.30198 -6.290450452e-20 5.944758598e-19
17654.31023 9.345647871e-20 5.944758598e-19
17654.31848 -2.384258837e-19 5.944758598e-19
17654.32673 -8.151583606e-21 5.944758598e-19
17654.33498 6.113514685e-19 5.944758598e-19
17654.34323 1.331707339e-19 5.944758598e-19
17654.35149 2.340345228e-20 5.944758598e-19
17654.35974 -1.054614236e-18 5.944758598e-19
17654.36799 -1.298282206e-18 5.944758598e-19
17654.37624 -4.287167705e-19 5.944758598e-19
17654.38449 -4.292327447e-19 5.944758598e-19
17654.39274 6.174487109e-19 5.944758598e-19
17654.40099 1.151659956e-18 5.944758598e-19
17654.40924 6.581423836e-19 5.944758598e-19
17654.41749 4.940888407e-19 5.944758598e-19
17654.42574 -6.645504476e-19 5.944758598e-19
17654.43399 -1.368902685e-18 5.944758598e-19
17654.44224 1.073864696e-19 5.944758598e-19
17654.4505 3.672819686e-20 5.944758598e-19
17654.45875 -2.164162043e-19 5.944758598e-19
17654.467 1.961742047e-19 5.944758598e-19
17654.47525 -5.039086839e-19 5.944758598e-19
17654.4835 -4.345493135e-19 5.944758598e-19
17654.49175 -6.368214237e-19 5.944758598e-19
17654.5 -1.059598729e-18 5.944758598e-19
17654.50825 -5.787410802e-19 5.944758598e-19
17654.5165 -3.489750902e-19 5.944758598e-19
17654.52475 -1.363051177e-19 5.944758598e-19
17654.533 2.179946957e-19 5.944758598e-19
17654.54125 -5.155341807e-19 5.944758598e-19
17654.5495 -4.072154445e-19 5.944758598e-19
17654.55776 2.761346139e-19 5.944758598e-19
17654.56601 5.699761497e-20 5.944758598e-19
17654.57426 -6.394204222e-19 5.944758598e-19
17654.58251 -3.368194048e-19 5.944758598e-19
17654.59076 -1.703615333e-19 5.944758598e-19
17654.59901 -4.749932326e-19 5.944758598e-19
17654.60726 -5.482648918e-19 5.944758598e-19
17654.61551 -1.001198567e-18 5.944758598e-19
17654.62376 -1.102883978e-18 5.944758598e-19
17654.63201 1.648292508e-19 5.944758598e-19
17654.64026 1.326241928e-18 5.944758598e-19
17654.64851 2.849630467e-19 5.944758598e-19
17654.65677 -3.822683876e-19 5.944758598e-19
17654.66502 3.752909473e-19 5.944758598e-19
17654.67327 -1.14482243e-19 5.944758598e-19
17654.68152 -1.071508856e-18 5.944758598e-19
17654.68977 -7.813184125e-19 5.944758598e-19
17654.69802 -7.057648286e-19 5.944758598e-19
17654.70627 -5.358519355e-19 5.944758598e-19
17654.71452 2.250101085e-19 5.944758598e-19
17654.72277 5.143791717e-19 5.944758598e-19
17654.73102 5.294312869e-19 5.944758598e-19
17654.73927 5.053731878e-19 5.944758598e-19
17654.74752 -1.696658065e-19 5.944758598e-19
17654.75578 1.953318571e-19 5.944758598e-19
17654.76403 9.427003643e-20 5.944758598e-19
17654.77228 2.594991182e-19 5.944758598e-19
17654.78053 -2.929094234e-19 5.944758598e-19
17654.78878 -8.069743932e-19 5.944758598e-19
17654.79703 -2.92701914e-19 5.944758598e-19
17654.80528 -6.250888589e-20 5.944758598e-19
17654.81353 1.144298497e-19 5.944758598e-19
17654.82178 5.849459503e-19 5.944758598e-19
17654.83003 -1.787371084e-19 5.944758598e-19
17654.83828 -5.576552953e-19 5.944758598e-19
17654.84653 4.368375042e-19 5.944758598e-19
17654.85479 1.48287837e-19 5.944758598e-19
17654.86304 -3.98256213e-20 5.944758598e-19
17654.87129 -4.192501596e-20 5.944758598e-19
17654.87954 1.152710133e-19 5.944758598e-19
17654.88779 3.270531151e-19 5.944758598e-19
17654.89604 6.805135799e-19 5.944758598e-19
17654.90429 5.172927984e-19 5.944758598e-19
17654.91254 -6.486976202e-19 5.944758598e-19
17654.92079 -9.405303359e-19 5.944758598e-19
17654.92904 -1.724008593e-19 5.944758598e-19
17654.93729 1.263604482e-19 5.944758598e-19
17654.94554 1.027086022e-19 5.944758598e-19
17654.9538 1.381334952e-19 5.944758598e-19
17654.96205 2.3171881e-19 5.944758598e-19
17654.9703 5.842604171e-19 5.944758598e-19
17654.97855 5.449952729e-19 5.944758598e-19
17654.9868 6.308362702e-19 5.944758598e-19
17654.99505 6.186830227e-19 5.944758598e-19
17655.0033 7.080925366e-19 5.944758598e-19
17655.01155 1.372642221e-18 5.944758598e-19
17655.0198 1.330470896e-19 5.944758598e-19
17655.02805 -3.545582292e-19 5.944758598e-19
17655.0363 1.546785508e-19 5.944758598e-19
17655.04455 8.245630542e-20 5.944758598e-19
17655.05281 -5.201616621e-19 5.944758598e-19
17655.06106 -9.553236223e-19 5.944758598e-19
17655.06931 1.803162019e-19 5.944758598e-19
17655.07756 4.39632713e-19 5.944758598e-19
17655.08581 4.613497953e-19 5.944758598e-19
17655.09406 1.191725189e-18 5.944758598e-19
17655.10231 3.513988243e-19 5.944758598e-19
17655.11056 -1.125196162e-18 5.944758598e-19
17655.11881 -4.827248489e-19 5.944758598e-19
17655.12706 9.172119224e-19 5.944758598e-19
17655.13531 9.761828854e-19 5.944758598e-19
17655.14356 -1.286442227e-20 5.944758598e-19
17655.15182 -4.390546273e-19 5.944758598e-19
17655.16007 -3.178775153e-20 5.944758598e-19
17655.16832 2.368263659e-19 5.944758598e-19
17655.17657 -3.898014847e-19 5.944758598e-19
17655.18482 -1.477145538e-19 5.944758598e-19
17655.19307 7.036403704e-19 5.944758598e-19
17655.20132 5.854006587e-19 5.944758598e-19
17655.20957 5.522675181e-19 5.944758598e-19
17655.21782 5.096195351e-19 5.944758598e-19
17655.22607 5.58570114e-19 5.944758598e-19
17655.23432 1.620736592e-19 5.944758598e-19
17655.24257 -5.809030099e-20 5.944758598e-19
17655.25083 3.991343206e-19 5.944758598e-19
17655.25908 -2.246214729e-19 5.944758598e-19
17655.26733 -8.844273561e-19 5.944758598e-19
17655.27558 2.497641716e-19 5.944758598e-19
17655.28383 1.241107407e-18 5.944758598e-19
17655.29208 9.627535897e-19 5.944758598e-19
17655.30033 -2.738009589e-19 5.944758598e-19
17655.30858 -1.208899506e-18 5.944758598e-19
17655.31683 5.467882493e-19 5.944758598e-19
17655.32508 1.012548589e-18 5.944758598e-19
17655.33333 -9.43797808e-19 5.944758598e-19
17655.34158 -5.460779301e-19 5.944758598e-19
