#Frequency (MHz)  G^2 prediction (GeV^-2)
17648.65429 5.963236641e-14 5.662246331e-13
17648.66254 4.108275169e-13 5.647500376e-13
17648.67079 -9.689607647e-14 5.632790843e-13
17648.67904 5.42274518e-13 5.618117733e-13
17648.68729 7.390344318e-13 5.603481047e-13
17648.69554 4.879556889e-13 5.588880783e-13
17648.7038 5.253687798e-13 5.574316943e-13
17648.71205 -1.421829616e-13 5.559789525e-13
17648.7203 -5.57233917e-13 5.545298531e-13
17648.72855 -3.403183442e-13 5.530843959e-13
17648.7368 -4.370564505e-13 5.51642581e-13
17648.74505 -1.082128732e-12 5.502044083e-13
17648.7533 -1.205063899e-12 5.487698779e-13
17648.76155 -1.115129724e-12 5.473389898e-13
17648.7698 -6.455504625e-13 5.45911744e-13
17648.77805 3.131464421e-13 5.444881403e-13
17648.7863 5.171871444e-13 5.43068179e-13
17648.79455 6.044835496e-13 5.416518598e-13
17648.80281 5.063891042e-13 5.40239183e-13
17648.81106 -2.162754235e-14 5.388301483e-13
17648.81931 2.891207963e-13 5.374247558e-13
17648.82756 9.494546819e-13 5.360230056e-13
17648.83581 2.767336865e-14 5.346248976e-13
17648.84406 1.043366592e-13 5.332304318e-13
17648.85231 1.725442513e-13 5.318396082e-13
17648.86056 -7.246422062e-13 5.304524268e-13
17648.86881 -2.721476788e-13 5.290688876e-13
17648.87706 -5.282677329e-13 5.276889906e-13
17648.88531 -3.399519311e-13 5.263127358e-13
17648.89356 6.594168809e-13 5.249401231e-13
17648.90182 -2.934748614e-13 5.235711527e-13
17648.91007 -6.080574501e-13 5.222058244e-13
17648.91832 -4.67781076e-13 5.208441382e-13
17648.92657 -6.636498168e-13 5.194860942e-13
17648.93482 -4.700793341e-13 5.181316924e-13
17648.94307 -4.293781864e-13 5.167809327e-13
17648.95132 -3.457123336e-13 5.154338152e-13
17648.95957 1.682013692e-13 5.140903398e-13
17648.96782 6.912193494e-13 5.127505065e-13
17648.97607 -2.441630662e-13 5.114143153e-13
17648.98432 -9.913114794e-13 5.100817663e-13
17648.99257 -6.845985983e-13 5.087528594e-13
17649.00083 -2.061453004e-13 5.074275946e-13
17649.00908 -8.862270233e-13 5.061059719e-13
17649.01733 -1.097995641e-12 5.047879913e-13
17649.02558 -5.258793591e-14 5.034736529e-13
17649.03383 1.024534898e-13 5.021629565e-13
17649.04208 1.584351074e-13 5.008559022e-13
17649.05033 4.40810382e-13 4.995524899e-13
17649.05858 3.031559992e-13 4.982527198e-13
17649.06683 -1.07807268e-14 4.969565917e-13
17649.07508 -6.502118706e-13 4.956641057e-13
17649.08333 -4.405807086e-13 4.943752617e-13
17649.09158 -9.796076308e-15 4.930900598e-13
17649.09983 1.253235929e-13 4.918085e-13
17649.10809 2.415369884e-13 4.905305822e-13
17649.11634 -6.212515647e-13 4.892563064e-13
17649.12459 -8.907772118e-13 4.879856727e-13
17649.13284 8.337988192e-14 4.86718681e-13
17649.14109 1.461897322e-13 4.854553313e-13
17649.14934 3.186276595e-13 4.841956237e-13
17649.15759 8.59022282e-13 4.829395581e-13
17649.16584 7.295747732e-13 4.816871344e-13
17649.17409 -1.156634582e-15 4.804383528e-13
17649.18234 -2.434145863e-13 4.791932132e-13
17649.19059 -2.464749936e-13 4.779517156e-13
17649.19884 -5.429151254e-13 4.767138599e-13
17649.2071 -2.603058258e-14 4.754796463e-13
17649.21535 5.264141286e-13 4.742490746e-13
17649.2236 2.307425259e-13 4.730221449e-13
17649.23185 3.021771822e-13 4.717988572e-13
17649.2401 2.666819288e-13 4.705792114e-13
17649.24835 -9.53236051e-13 4.693632076e-13
17649.2566 -1.168979729e-12 4.681508458e-13
17649.26485 -1.030138978e-13 4.669421259e-13
17649.2731 4.307208769e-13 4.657370479e-13
17649.28135 1.577288013e-13 4.645356119e-13
17649.2896 8.375779066e-13 4.633378178e-13
17649.29785 7.86629538e-13 4.621436656e-13
17649.30611 -1.896155092e-14 4.609531554e-13
17649.31436 1.717830564e-13 4.597662871e-13
17649.32261 2.57251878e-13 4.585830607e-13
17649.33086 8.602489401e-14 4.574034762e-13
17649.33911 1.808833322e-13 4.562275336e-13
17649.34736 3.89891791e-13 4.550552329e-13
17649.35561 -1.591859519e-13 4.538865741e-13
17649.36386 -7.299484108e-14 4.527215572e-13
17649.37211 8.258895103e-13 4.515601821e-13
17649.38036 7.121601259e-13 4.50402449e-13
17649.38861 4.257435409e-13 4.492483577e-13
17649.39686 3.800266112e-13 4.480979083e-13
17649.40512 3.721064866e-13 4.469511007e-13
17649.41337 7.044029606e-13 4.45807935e-13
17649.42162 4.898701471e-13 4.446684112e-13
17649.42987 1.874471036e-13 4.435325292e-13
17649.43812 2.171077602e-13 4.42400289e-13
17649.44637 4.096479452e-13 4.412716907e-13
17649.45462 6.596267401e-13 4.401467342e-13
17649.46287 8.605678665e-13 4.390254195e-13
17649.47112 6.104494732e-13 4.379077467e-13
17649.47937 -2.996353813e-14 4.367937156e-13
17649.48762 -2.707182397e-13 4.356833264e-13
17649.49587 -7.139240639e-14 4.34576579e-13
17649.50413 2.746780378e-13 4.334734734e-13
17649.51238 4.420703236e-13 4.323740096e-13
17649.52063 -5.889465256e-14 4.312781875e-13
17649.52888 -4.870274593e-13 4.301860073e-13
17649.53713 -8.853424991e-14 4.290974688e-13
17649.54538 4.166085027e-14 4.280125721e-13
17649.55363 2.259973286e-13 4.269313172e-13
17649.56188 4.018958139e-13 4.258537041e-13
17649.57013 8.321466177e-13 4.247797327e-13
17649.57838 3.543294521e-13 4.23709403e-13
17649.58663 -4.537153132e-13 4.226427152e-13
17649.59488 -5.415887541e-13 4.21579669e-13
17649.60314 -2.429150617e-13 4.205202646e-13
17649.61139 4.390546543e-13 4.194645019e-13
17649.61964 2.693029283e-13 4.18412381e-13
17649.62789 -2.939840372e-13 4.173639018e-13
17649.63614 2.842889125e-13 4.163190643e-13
17649.64439 3.624951209e-13 4.152778685e-13
17649.65264 2.855572574e-13 4.142403144e-13
17649.66089 4.115241083e-13 4.13206402e-13
17649.66914 2.198076504e-13 4.121761314e-13
17649.67739 5.007570498e-13 4.111495024e-13
17649.68564 2.59785146e-14 4.101265151e-13
17649.69389 5.320819755e-13 4.091071695e-13
17649.70215 9.704004709e-13 4.080914656e-13
17649.7104 -2.388611934e-13 4.070794033e-13
17649.71865 3.94477604e-14 4.060709827e-13
17649.7269 2.817769232e-13 4.050662038e-13
17649.73515 4.092089278e-13 4.040650665e-13
17649.7434 9.969293882e-13 4.030675709e-13
17649.75165 2.645338932e-13 4.020737169e-13
17649.7599 -6.312739848e-13 4.010835046e-13
17649.76815 -2.463236917e-13 4.000969339e-13
17649.7764 6.089592746e-13 3.991140048e-13
17649.78465 -4.295646813e-14 3.981347174e-13
17649.7929 -4.188916726e-13 3.971590716e-13
17649.80116 -1.727860617e-13 3.961870674e-13
17649.80941 -8.369797902e-14 3.952187048e-13
17649.81766 -5.630594879e-13 3.942539838e-13
17649.82591 -7.190157438e-13 3.932929045e-13
17649.83416 -3.132806258e-13 3.923354667e-13
17649.84241 -1.495892361e-13 3.913816705e-13
17649.85066 -1.124437655e-13 3.904315159e-13
17649.85891 -4.783475846e-14 3.894850029e-13
17649.86716 3.269379648e-13 3.885421314e-13
17649.87541 1.221790182e-13 3.876029015e-13
17649.88366 1.632119476e-13 3.866673132e-13
17649.89191 4.516997199e-13 3.857353665e-13
17649.90017 3.739805607e-13 3.848070613e-13
17649.90842 -2.899093519e-14 3.838823976e-13
17649.91667 1.089460418e-13 3.829613755e-13
17649.92492 9.454883951e-14 3.82043995e-13
17649.93317 -5.41578036e-13 3.81130256e-13
17649.94142 -8.418614843e-14 3.802201585e-13
17649.94967 5.990202198e-14 3.793137025e-13
17649.95792 -1.603854325e-13 3.784108881e-13
17649.96617 4.356093483e-14 3.775117151e-13
17649.97442 -1.727361092e-13 3.766161837e-13
17649.98267 -1.044828967e-13 3.757242938e-13
17649.99092 -3.214339858e-13 3.748360454e-13
17649.99917 -3.343457305e-13 3.739514384e-13
17650.00743 -2.755456569e-13 3.73070473e-13
17650.01568 -3.84932204e-14 3.72193149e-13
17650.02393 -1.712124453e-14 3.713194666e-13
17650.03218 -4.411752357e-13 3.704494256e-13
17650.04043 1.963127373e-14 3.69583026e-13
17650.04868 3.485223628e-13 3.68720268e-13
17650.05693 6.062065588e-13 3.678611514e-13
17650.06518 3.762484854e-13 3.670056762e-13
17650.07343 2.149114106e-13 3.661538425e-13
17650.08168 5.755953951e-14 3.653056502e-13
17650.08993 -3.309844793e-13 3.644610994e-13
17650.09818 -2.529077247e-13 3.6362019e-13
17650.10644 -2.636930751e-13 3.62782922e-13
17650.11469 -3.588470507e-13 3.619492955e-13
17650.12294 -9.244193162e-14 3.611193104e-13
17650.13119 -2.931631224e-13 3.602929666e-13
17650.13944 -1.895728394e-13 3.594702643e-13
17650.14769 4.252356992e-13 3.586512034e-13
17650.15594 -3.398256992e-13 3.578357839e-13
17650.16419 -4.982315413e-13 3.570240058e-13
17650.17244 3.475901534e-13 3.562158691e-13
17650.18069 5.263117488e-13 3.554113737e-13
17650.18894 4.212154667e-13 3.546105198e-13
17650.19719 3.47455988e-13 3.538133072e-13
17650.20545 8.542437077e-14 3.530197359e-13
17650.2137 -1.409729672e-13 3.52229806e-13
17650.22195 2.432683025e-14 3.514435175e-13
17650.2302 2.64800457e-13 3.506608704e-13
17650.23845 3.613881557e-13 3.498818645e-13
17650.2467 6.649301863e-14 3.491065001e-13
17650.25495 -2.064941845e-13 3.483347769e-13
17650.2632 -8.359483987e-15 3.475666951e-13
17650.27145 2.778638433e-13 3.468022546e-13
17650.2797 2.666075038e-13 3.460414555e-13
17650.28795 -1.428418471e-13 3.452842976e-13
17650.2962 -3.721694169e-13 3.445307811e-13
17650.30446 -2.293401952e-13 3.437809058e-13
17650.31271 -3.695668095e-13 3.430346719e-13
17650.32096 -2.810405595e-13 3.422920793e-13
17650.32921 -2.188585254e-13 3.415531279e-13
17650.33746 -2.765502626e-13 3.408178179e-13
17650.34571 2.481197517e-14 3.400861491e-13
17650.35396 -8.519238908e-14 3.393581216e-13
17650.36221 -2.680690745e-13 3.386337353e-13
17650.37046 -2.027276385e-13 3.379129903e-13
17650.37871 -1.023230586e-13 3.371958866e-13
17650.38696 2.188674514e-13 3.364824242e-13
17650.39521 2.403948231e-13 3.357726029e-13
17650.40347 -3.359007475e-13 3.35066423e-13
17650.41172 -2.927265126e-13 3.343638842e-13
17650.41997 -9.999789138e-15 3.336649867e-13
17650.42822 -3.700172865e-13 3.329697305e-13
17650.43647 -2.805554806e-13 3.322781154e-13
17650.44472 1.129074039e-13 3.315901416e-13
17650.45297 1.805235099e-13 3.30905809e-13
17650.46122 4.141088499e-14 3.302251176e-13
17650.46947 -3.409825768e-13 3.295480674e-13
17650.47772 -5.772011941e-13 3.288746584e-13
17650.48597 -2.553883533e-13 3.282048906e-13
17650.49422 -2.638691619e-13 3.275387639e-13
17650.50248 -5.90423783e-13 3.268762785e-13
17650.51073 -4.895282344e-13 3.262174342e-13
17650.51898 -6.454870599e-14 3.255622311e-13
17650.52723 1.106153846e-13 3.249106692e-13
17650.53548 -6.127514324e-14 3.242627484e-13
17650.54373 -6.02758028e-13 3.236184688e-13
17650.55198 -5.554827569e-13 3.229778304e-13
17650.56023 -6.033898473e-13 3.223408331e-13
17650.56848 -6.374609229e-13 3.217074769e-13
17650.57673 2.189465099e-13 3.210777619e-13
17650.58498 3.611982362e-13 3.20451688e-13
17650.59323 -1.009571492e-13 3.198292552e-13
17650.60149 -3.370934349e-13 3.192104636e-13
17650.60974 1.084007971e-13 3.18595313e-13
17650.61799 -8.582153267e-14 3.179838036e-13
17650.62624 -5.752854569e-13 3.173759353e-13
17650.63449 -2.034713534e-13 3.167717081e-13
17650.64274 2.273610058e-13 3.16171122e-13
17650.65099 1.343369485e-13 3.155741769e-13
17650.65924 -1.665913526e-14 3.14980873e-13
17650.66749 4.331611394e-14 3.143912101e-13
17650.67574 3.842151139e-13 3.138051884e-13
17650.68399 6.249171658e-13 3.132228076e-13
17650.69224 9.089227274e-15 3.12644068e-13
17650.7005 8.293539325e-14 3.120689694e-13
17650.70875 1.627353006e-13 3.114975119e-13
17650.717 2.384819231e-13 3.109296954e-13
17650.72525 4.197203053e-13 3.103655199e-13
17650.7335 -1.1234536e-13 3.098049855e-13
17650.74175 -2.288157326e-13 3.092480922e-13
17650.75 -5.218798588e-13 3.086948398e-13
17650.75825 -4.162607093e-13 3.081452285e-13
17650.7665 3.439547287e-13 3.075992582e-13
17650.77475 4.301344897e-13 3.070569289e-13
17650.783 3.442407735e-13 3.065182407e-13
17650.79125 3.943434692e-14 3.059831934e-13
17650.7995 -1.946253559e-13 3.054517871e-13
17650.80776 2.971966375e-13 3.049240219e-13
17650.81601 2.135475289e-13 3.043998976e-13
17650.82426 -4.803280402e-13 3.038794143e-13
17650.83251 -2.987277124e-13 3.033625719e-13
17650.84076 5.691205934e-14 3.028493706e-13
17650.84901 -4.379799331e-14 3.023398102e-13
17650.85726 -2.119268047e-13 3.018338908e-13
17650.86551 -2.610558344e-13 3.013316123e-13
17650.87376 -9.443001871e-14 3.008329748e-13
17650.88201 9.846587212e-14 3.003379783e-13
17650.89026 5.152271025e-14 2.998466226e-13
17650.89851 1.03997237e-13 2.99358908e-13
17650.90677 1.745767018e-13 2.988748342e-13
17650.91502 -1.191454978e-13 2.983944014e-13
17650.92327 -5.339098209e-13 2.979176095e-13
17650.93152 -5.07538646e-13 2.974444585e-13
17650.93977 7.057758547e-14 2.969749484e-13
17650.94802 5.542094832e-13 2.965090793e-13
17650.95627 2.815826552e-13 2.96046851e-13
17650.96452 -2.615638959e-13 2.955882636e-13
17650.97277 -2.22780005e-13 2.951333172e-13
17650.98102 1.022830443e-13 2.946820116e-13
17650.98927 1.169002648e-13 2.942343469e-13
17650.99752 6.064478095e-14 2.93790323e-13
17651.00578 3.120604244e-13 2.933499401e-13
17651.01403 4.525782257e-13 2.92913198e-13
17651.02228 1.787777822e-13 2.924800968e-13
17651.03053 -2.195257456e-13 2.920506364e-13
17651.03878 1.598977291e-14 2.916248169e-13
17651.04703 3.151973506e-13 2.912026382e-13
17651.05528 3.178678541e-13 2.907841003e-13
17651.06353 2.42904298e-13 2.903692033e-13
17651.07178 3.01081266e-13 2.899579472e-13
17651.08003 2.852497534e-13 2.895503318e-13
17651.08828 -2.534390997e-13 2.891463573e-13
17651.09653 -3.137922277e-13 2.887460236e-13
17651.10479 1.411306912e-13 2.883493307e-13
17651.11304 3.107498995e-13 2.879562786e-13
17651.12129 4.997139138e-13 2.875668673e-13
17651.12954 3.01690232e-14 2.871810968e-13
17651.13779 8.960686279e-14 2.867989671e-13
17651.14604 1.668399987e-13 2.864204781e-13
17651.15429 -2.074710621e-13 2.8604563e-13
17651.16254 3.022584053e-13 2.856744226e-13
17651.17079 2.491674824e-13 2.85306856e-13
17651.17904 -3.271901929e-13 2.849429302e-13
17651.18729 -6.988524924e-13 2.845826451e-13
17651.19554 -6.323420627e-13 2.842260008e-13
17651.2038 1.515938679e-14 2.838729972e-13
17651.21205 2.004934902e-13 2.835236343e-13
17651.2203 -1.893848997e-13 2.831779122e-13
17651.22855 -4.930166143e-13 2.828358309e-13
17651.2368 -5.196977476e-13 2.824973902e-13
17651.24505 -1.054656701e-13 2.821625903e-13
17651.2533 3.216693278e-13 2.818314311e-13
17651.26155 3.139361605e-13 2.815039126e-13
17651.2698 1.307133861e-13 2.811800349e-13
17651.27805 1.723273915e-13 2.808597978e-13
17651.2863 8.838851241e-14 2.805432014e-13
17651.29455 -1.269376213e-13 2.802302457e-13
17651.30281 -5.444651634e-13 2.799209307e-13
17651.31106 -4.134856046e-13 2.796152564e-13
17651.31931 2.14438358e-13 2.793132228e-13
17651.32756 1.813650374e-13 2.790148298e-13
17651.33581 2.536384373e-13 2.787200775e-13
17651.34406 3.973717206e-13 2.784289659e-13
17651.35231 -1.023678359e-14 2.781414949e-13
17651.36056 -2.658368472e-13 2.778576646e-13
17651.36881 -1.703316439e-13 2.775774749e-13
17651.37706 2.622861277e-16 2.773009258e-13
17651.38531 1.349584188e-13 2.770280174e-13
17651.39356 2.618666157e-13 2.767587497e-13
17651.40182 1.967794736e-13 2.764931225e-13
17651.41007 2.646602969e-13 2.76231136e-13
17651.41832 4.127118507e-13 2.759727901e-13
17651.42657 4.671694732e-13 2.757180848e-13
17651.43482 5.511406807e-13 2.754670201e-13
17651.44307 6.347682311e-13 2.75219596e-13
17651.45132 4.446291793e-13 2.749758125e-13
17651.45957 -1.235585951e-14 2.747356696e-13
17651.46782 -4.975668176e-13 2.744991673e-13
17651.47607 -3.740836857e-13 2.742663055e-13
17651.48432 2.885904211e-14 2.740370844e-13
17651.49257 -1.012684816e-13 2.738115038e-13
17651.50083 -2.410241568e-13 2.735895637e-13
17651.50908 -2.697563105e-13 2.733712643e-13
17651.51733 -2.716293692e-14 2.731566053e-13
17651.52558 -1.246776819e-13 2.72945587e-13
17651.53383 -3.995766601e-13 2.727382091e-13
17651.54208 -9.358482931e-14 2.725344719e-13
17651.55033 9.031727084e-14 2.723343751e-13
17651.55858 -3.006339291e-13 2.721379189e-13
17651.56683 -3.311399809e-13 2.719451032e-13
17651.57508 -1.673049226e-13 2.71755928e-13
17651.58333 -3.139473462e-13 2.715703934e-13
17651.59158 -1.955414183e-13 2.713884992e-13
17651.59983 -1.898659336e-13 2.712102455e-13
17651.60809 -2.457168941e-14 2.710356324e-13
17651.61634 2.549892559e-14 2.708646597e-13
17651.62459 -1.026823811e-13 2.706973276e-13
17651.63284 -2.64018334e-14 2.705336359e-13
17651.64109 9.817942446e-14 2.703735847e-13
17651.64934 -1.383472463e-13 2.702171739e-13
17651.65759 -2.244726017e-13 2.700644037e-13
17651.66584 2.285202575e-13 2.699152738e-13
17651.67409 3.168656177e-13 2.697697845e-13
17651.68234 2.689006218e-13 2.696279356e-13
17651.69059 1.3136276e-13 2.694897271e-13
17651.69884 -3.42846842e-13 2.693551591e-13
17651.7071 -4.8486447e-13 2.692242316e-13
17651.71535 -3.967981303e-13 2.690969444e-13
17651.7236 -2.55412677e-14 2.689732977e-13
17651.73185 4.705472403e-14 2.688532914e-13
17651.7401 -3.028711582e-14 2.687369256e-13
17651.74835 2.335559004e-13 2.686242001e-13
17651.7566 3.224255597e-13 2.68515115e-13
17651.76485 4.255022856e-13 2.684096704e-13
17651.7731 4.113060199e-14 2.683078661e-13
17651.78135 5.832014433e-14 2.682097023e-13
17651.7896 3.247438849e-13 2.681151788e-13
17651.79785 1.191520532e-13 2.680242957e-13
17651.80611 3.064242099e-14 2.67937053e-13
17651.81436 -1.69416287e-13 2.678534506e-13
17651.82261 -2.924978679e-13 2.677734886e-13
17651.83086 -1.01492382e-14 2.67697167e-13
17651.83911 -2.01568996e-13 2.676244857e-13
17651.84736 -4.776161943e-13 2.675554448e-13
17651.85561 -1.679241303e-13 2.674900443e-13
17651.86386 -5.956923778e-14 2.67428284e-13
17651.87211 -1.978210138e-13 2.673701641e-13
17651.88036 -2.298961881e-13 2.673156846e-13
17651.88861 -7.829439986e-14 2.672648453e-13
17651.89686 2.020927342e-13 2.672176464e-13
17651.90512 1.186575058e-14 2.671740878e-13
17651.91337 -2.070090116e-14 2.671341695e-13
17651.92162 3.492314058e-14 2.670978915e-13
17651.92987 -2.288033526e-13 2.670652538e-13
17651.93812 -3.08221682e-13 2.670362564e-13
17651.94637 -4.093199185e-13 2.670108993e-13
17651.95462 -1.658931172e-13 2.669891824e-13
17651.96287 7.577402007e-14 2.669711059e-13
17651.97112 1.334330402e-13 2.669566696e-13
17651.97937 1.330878393e-13 2.669458736e-13
17651.98762 1.092518462e-13 2.669387179e-13
17651.99587 5.742500606e-13 2.669352024e-13
17652.00413 5.238468533e-13 2.669353272e-13
17652.01238 1.156251205e-13 2.669390922e-13
17652.02063 -3.924640982e-13 2.669464974e-13
17652.02888 -5.388992703e-13 2.669575429e-13
17652.03713 -2.866788482e-13 2.669722287e-13
17652.04538 -1.124701987e-13 2.669905546e-13
17652.05363 2.061762176e-13 2.670125208e-13
17652.06188 -1.149032664e-13 2.670381272e-13
17652.07013 -4.854425404e-13 2.670673738e-13
17652.07838 -2.630550438e-13 2.671002606e-13
17652.08663 -1.121758566e-13 2.671367877e-13
17652.09488 -1.346616367e-14 2.671769549e-13
17652.10314 -3.8570524e-13 2.672207623e-13
17652.11139 -5.988920253e-13 2.672682099e-13
17652.11964 -9.984628346e-14 2.673192977e-13
17652.12789 1.659857309e-13 2.673740256e-13
17652.13614 -2.250418608e-14 2.674323938e-13
17652.14439 -5.081574989e-13 2.674944021e-13
17652.15264 -1.359131164e-13 2.675600505e-13
17652.16089 5.787259994e-14 2.676293391e-13
17652.16914 -1.378846149e-13 2.677022679e-13
17652.17739 -1.213541165e-14 2.677788368e-13
17652.18564 -1.537121954e-13 2.678590459e-13
17652.19389 2.140166497e-13 2.679428951e-13
17652.20215 2.310658871e-13 2.680303844e-13
17652.2104 -2.43355535e-13 2.681215138e-13
17652.21865 -5.257070387e-13 2.682162834e-13
17652.2269 -3.443680225e-13 2.683146931e-13
17652.23515 -2.072417609e-13 2.684167429e-13
17652.2434 -1.209582282e-13 2.685224328e-13
17652.25165 2.255408297e-13 2.686317628e-13
17652.2599 1.542362724e-13 2.687447329e-13
17652.26815 -2.139306162e-13 2.68861343e-13
17652.2764 -4.895647284e-13 2.689815933e-13
17652.28465 -2.882357127e-13 2.691054837e-13
17652.2929 -2.614355287e-13 2.692330141e-13
17652.30116 2.817049812e-15 2.693641846e-13
17652.30941 2.93449978e-13 2.694989951e-13
17652.31766 -4.349615026e-14 2.696374458e-13
17652.32591 -1.382126954e-13 2.697795364e-13
17652.33416 2.507216098e-13 2.699252671e-13
17652.34241 1.3974949e-13 2.700746379e-13
17652.35066 9.245131214e-14 2.702276487e-13
17652.35891 9.373815694e-14 2.703842996e-13
17652.36716 -5.48727443e-14 2.705445904e-13
17652.37541 -4.769388397e-14 2.707085213e-13
17652.38366 -1.205844058e-13 2.708760922e-13
17652.39191 -5.13245498e-14 2.710473031e-13
17652.40017 -9.653475567e-14 2.712221541e-13
17652.40842 -2.342144123e-13 2.71400645e-13
17652.41667 -1.097463058e-13 2.715827759e-13
17652.42492 1.567979718e-14 2.717685469e-13
17652.43317 6.356828445e-14 2.719579578e-13
17652.44142 1.026241447e-13 2.721510087e-13
17652.44967 6.936324416e-14 2.723476996e-13
17652.45792 1.171337632e-13 2.725480304e-13
17652.46617 1.321802154e-13 2.727520012e-13
17652.47442 7.137268176e-14 2.72959612e-13
17652.48267 3.230239115e-13 2.731708627e-13
17652.49092 2.466440332e-13 2.733857534e-13
17652.49917 7.078312479e-14 2.736042841e-13
17652.50743 3.711064953e-13 2.738264546e-13
17652.51568 2.501387613e-13 2.740522651e-13
17652.52393 3.357050533e-13 2.742817156e-13
17652.53218 3.153622629e-13 2.74514806e-13
17652.54043 4.047673053e-13 2.747515363e-13
17652.54868 4.121132671e-13 2.749919065e-13
17652.55693 -1.262368131e-14 2.752359166e-13
17652.56518 -1.4146828e-13 2.754835666e-13
17652.57343 3.036251938e-14 2.757348565e-13
17652.58168 2.076973695e-13 2.759897864e-13
17652.58993 1.710406176e-13 2.762483561e-13
17652.59818 8.486770691e-14 2.765105657e-13
17652.60644 -1.24143655e-13 2.767764152e-13
17652.61469 -2.33372966e-13 2.770459045e-13
17652.62294 -7.404741649e-14 2.773190338e-13
17652.63119 -2.376600462e-13 2.775958029e-13
17652.63944 -2.845036709e-13 2.778762118e-13
17652.64769 3.715536504e-13 2.781602606e-13
17652.65594 2.919870465e-13 2.784479493e-13
17652.66419 -3.89239632e-14 2.787392778e-13
17652.67244 -1.894872662e-13 2.790342461e-13
17652.68069 -3.21992934e-13 2.793328543e-13
17652.68894 1.40156158e-14 2.796351023e-13
17652.69719 8.686369438e-14 2.799409902e-13
17652.70545 1.86600322e-13 2.802505178e-13
17652.7137 2.951553898e-13 2.805636853e-13
17652.72195 -4.050880518e-14 2.808804926e-13
17652.7302 -4.826065635e-13 2.812009397e-13
17652.73845 -4.129041639e-13 2.815250265e-13
17652.7467 -3.824938086e-13 2.818527532e-13
17652.75495 -4.930414096e-13 2.821841197e-13
17652.7632 -1.831594209e-14 2.825191259e-13
17652.77145 1.951588919e-13 2.82857772e-13
17652.7797 2.657751214e-13 2.832000578e-13
17652.78795 3.033847627e-13 2.835459833e-13
17652.7962 1.285893112e-13 2.838955487e-13
17652.80446 1.051877894e-13 2.842487538e-13
17652.81271 -7.621353046e-14 2.846055986e-13
17652.82096 -1.912559671e-13 2.849660832e-13
17652.82921 -2.321799984e-13 2.853302075e-13
17652.83746 -1.529901393e-13 2.856979716e-13
17652.84571 -2.307253105e-13 2.860693754e-13
17652.85396 -3.676256728e-14 2.864444189e-13
17652.86221 1.681035955e-13 2.868231022e-13
17652.87046 2.251680868e-13 2.872054252e-13
17652.87871 3.778661645e-13 2.875913879e-13
17652.88696 1.865679995e-13 2.879809903e-13
17652.89521 3.181256268e-14 2.883742324e-13
17652.90347 1.982784159e-13 2.887711142e-13
17652.91172 4.67943087e-14 2.891716356e-13
17652.91997 -2.098737884e-13 2.895757968e-13
17652.92822 1.856080801e-13 2.899835977e-13
17652.93647 8.085386073e-13 2.903950382e-13
17652.94472 1.128037269e-12 2.908101184e-13
17652.95297 5.311259491e-13 2.912288383e-13
17652.96122 2.85835243e-13 2.916511978e-13
17652.96947 5.43291279e-13 2.92077197e-13
17652.97772 4.451835825e-13 2.925068358e-13
17652.98597 -1.508976375e-13 2.929401143e-13
17652.99422 -2.681229158e-13 2.933770324e-13
17653.00248 5.249079815e-13 2.938175902e-13
17653.01073 2.61192038e-13 2.942617876e-13
17653.01898 -2.24649314e-14 2.947096246e-13
17653.02723 1.171151622e-13 2.951611012e-13
17653.03548 -1.937063373e-13 2.956162175e-13
17653.04373 -2.573170559e-13 2.960749734e-13
17653.05198 -4.663489963e-13 2.965373688e-13
17653.06023 -3.15963974e-13 2.970034039e-13
17653.06848 -3.021938748e-13 2.974730786e-13
17653.07673 -4.259251793e-13 2.979463928e-13
17653.08498 -1.235239779e-13 2.984233467e-13
17653.09323 3.071090797e-13 2.989039401e-13
17653.10149 5.402940674e-14 2.993881731e-13
17653.10974 -2.596505804e-14 2.998760456e-13
17653.11799 3.692789714e-13 3.003675578e-13
17653.12624 4.982174957e-13 3.008627094e-13
17653.13449 5.261633424e-13 3.013615007e-13
17653.14274 5.441979032e-13 3.018639315e-13
17653.15099 9.678627505e-13 3.023700018e-13
17653.15924 3.828582057e-13 3.028797117e-13
17653.16749 -1.557585203e-13 3.033930611e-13
17653.17574 2.535419217e-13 3.0391005e-13
17653.18399 -5.443096133e-14 3.044306785e-13
17653.19224 -9.827734817e-14 3.049549465e-13
17653.2005 5.324698625e-14 3.05482854e-13
17653.20875 -3.825515314e-15 3.06014401e-13
17653.217 3.573174313e-13 3.065495875e-13
17653.22525 2.482138204e-13 3.070884135e-13
17653.2335 1.002557714e-13 3.076308789e-13
17653.24175 4.064993844e-13 3.081769839e-13
17653.25 5.152267583e-13 3.087267284e-13
17653.25825 -7.329170883e-14 3.092801123e-13
17653.2665 -5.205392788e-13 3.098371358e-13
17653.27475 -2.766056813e-13 3.103977986e-13
17653.283 6.71585577e-14 3.10962101e-13
17653.29125 4.009959342e-13 3.115300428e-13
17653.2995 3.504095802e-13 3.12101624e-13
17653.30776 1.047940151e-13 3.126768447e-13
17653.31601 3.631583979e-13 3.132557049e-13
17653.32426 3.912448414e-13 3.138382045e-13
17653.33251 3.949432279e-13 3.144243435e-13
17653.34076 6.238145004e-13 3.150141219e-13
17653.34901 -9.662939823e-14 3.156075398e-13
17653.35726 -1.463339432e-13 3.16204597e-13
17653.36551 4.734317327e-13 3.168052937e-13
17653.37376 5.808555829e-13 3.174096298e-13
17653.38201 3.405412348e-13 3.180176053e-13
17653.39026 4.834844159e-14 3.186292202e-13
17653.39851 3.41681007e-13 3.192444745e-13
17653.40677 2.058365067e-13 3.198633681e-13
17653.41502 -1.253455653e-13 3.204859012e-13
17653.42327 -7.347687278e-15 3.211120736e-13
17653.43152 5.35066414e-13 3.217418854e-13
17653.43977 4.657540472e-13 3.223753366e-13
17653.44802 -7.437172361e-14 3.230124271e-13
17653.45627 -6.613683468e-14 3.23653157e-13
17653.46452 -4.509651104e-14 3.242975262e-13
17653.47277 -8.588758165e-14 3.249455348e-13
17653.48102 2.431799011e-13 3.255971827e-13
17653.48927 1.501620216e-13 3.262524699e-13
17653.49752 1.991455326e-13 3.269113965e-13
17653.50578 -5.144794074e-14 3.275739624e-13
17653.51403 -4.127217006e-13 3.282401676e-13
17653.52228 7.845177495e-14 3.289100121e-13
17653.53053 5.878647792e-13 3.29583496e-13
17653.53878 6.72261274e-13 3.302606191e-13
17653.54703 5.405979251e-13 3.309413816e-13
17653.55528 1.833265261e-13 3.316257833e-13
17653.56353 1.573753251e-14 3.323138243e-13
17653.57178 1.956260703e-13 3.330055046e-13
17653.58003 4.068712412e-13 3.337008242e-13
17653.58828 2.621733925e-13 3.343997831e-13
17653.59653 -8.725456683e-15 3.351023812e-13
17653.60479 -4.517256597e-14 3.358086186e-13
17653.61304 -2.133592538e-13 3.365184953e-13
17653.62129 -6.883716105e-15 3.372320112e-13
17653.62954 4.020883542e-13 3.379491663e-13
17653.63779 5.943701185e-13 3.386699607e-13
17653.64604 7.260871815e-13 3.393943944e-13
17653.65429 4.167986e-14 3.401224672e-13
17653.66254 -3.547220244e-13 3.408541793e-13
17653.67079 -7.623472536e-14 3.415895306e-13
17653.67904 -1.705259573e-13 3.423285212e-13
17653.68729 -9.746165271e-14 3.430711509e-13
17653.69554 -5.864620378e-14 3.438174199e-13
17653.7038 -1.683109501e-13 3.44567328e-13
17653.71205 -2.595592861e-13 3.453208754e-13
17653.7203 5.050512102e-14 3.460780619e-13
17653.72855 1.331852737e-13 3.468388877e-13
17653.7368 -1.658152724e-13 3.476033526e-13
17653.74505 -2.052471122e-13 3.483714567e-13
17653.7533 -2.745842505e-13 3.491431999e-13
17653.76155 -7.062533943e-14 3.499185824e-13
17653.7698 -2.04811397e-13 3.50697604e-13
17653.77805 -6.8885569e-13 3.514802647e-13
17653.7863 -2.534280632e-13 3.522665646e-13
17653.79455 1.255411604e-14 3.530565036e-13
17653.80281 2.255355738e-13 3.538500818e-13
17653.81106 -6.990066528e-14 3.546472992e-13
17653.81931 -7.050286733e-13 3.554481556e-13
17653.82756 -3.900599464e-13 3.562526512e-13
17653.83581 -2.994144538e-13 3.570607859e-13
17653.84406 -5.897423583e-14 3.578725597e-13
17653.85231 -8.691199481e-14 3.586879726e-13
17653.86056 -3.59353188e-13 3.595070246e-13
17653.86881 8.813273286e-14 3.603297158e-13
17653.87706 -1.088412635e-14 3.61156046e-13
17653.88531 -3.934472838e-13 3.619860153e-13
17653.89356 -2.91698261e-13 3.628196237e-13
17653.90182 1.115920953e-13 3.636568712e-13
17653.91007 -1.801458821e-14 3.644977577e-13
17653.91832 -6.637744616e-13 3.653422833e-13
17653.92657 -5.940566594e-13 3.66190448e-13
17653.93482 3.852720657e-13 3.670422518e-13
17653.94307 7.212319683e-13 3.678976946e-13
17653.95132 -5.775662014e-14 3.687567764e-13
17653.95957 -2.822333553e-13 3.696194973e-13
17653.96782 1.182091368e-13 3.704858572e-13
17653.97607 -2.764144077e-13 3.713558562e-13
17653.98432 -1.273233254e-13 3.722294942e-13
17653.99257 1.353763728e-13 3.731067712e-13
17654.00083 -2.802883519e-13 3.739876872e-13
17654.00908 -2.742030976e-13 3.748722423e-13
17654.01733 -2.58858879e-13 3.757604364e-13
17654.02558 -4.379173524e-13 3.766522694e-13
17654.03383 -1.629189842e-13 3.775477415e-13
17654.04208 3.681004418e-14 3.784468525e-13
17654.05033 2.464408562e-14 3.793496026e-13
17654.05858 8.034386823e-14 3.802559916e-13
17654.06683 8.015979181e-14 3.811660196e-13
17654.07508 3.566827526e-13 3.820796865e-13
17654.08333 2.345303397e-13 3.829969925e-13
17654.09158 -3.273818689e-13 3.839179374e-13
17654.09983 -3.552967047e-13 3.848425212e-13
17654.10809 -6.728067304e-13 3.857707441e-13
17654.11634 -9.069893212e-13 3.867026058e-13
17654.12459 -4.644611631e-13 3.876381065e-13
17654.13284 -1.579912406e-13 3.885772461e-13
17654.14109 -8.482560933e-14 3.895200247e-13
17654.14934 -1.916094115e-13 3.904664422e-13
17654.15759 2.648393764e-14 3.914164986e-13
17654.16584 -3.383932061e-13 3.923701939e-13
17654.17409 -8.316543609e-13 3.933275282e-13
17654.18234 -4.669063048e-13 3.942885013e-13
17654.19059 -1.746320727e-13 3.952531134e-13
17654.19884 -2.596661516e-13 3.962213643e-13
17654.2071 -2.649365105e-13 3.971932542e-13
17654.21535 -1.421161087e-13 3.981687829e-13
17654.2236 -2.737997654e-13 3.991479505e-13
17654.23185 -7.72905899e-14 4.00130757e-13
17654.2401 1.655791706e-13 4.011172023e-13
17654.24835 -6.406595036e-14 4.021072865e-13
17654.2566 -3.633164121e-13 4.031010096e-13
17654.26485 -1.793597371e-13 4.040983715e-13
17654.2731 -6.704064306e-14 4.050993723e-13
17654.28135 -2.857073827e-13 4.061040119e-13
17654.2896 1.798384385e-13 4.071122904e-13
17654.29785 2.619119516e-13 4.081242077e-13
17654.30611 -4.329315262e-14 4.091397638e-13
17654.31436 6.448035083e-14 4.101589588e-13
17654.32261 -1.649123016e-13 4.111817926e-13
17654.33086 -5.652290301e-15 4.122082652e-13
17654.33911 4.24969129e-13 4.132383766e-13
17654.34736 9.280262981e-14 4.142721268e-13
17654.35561 1.634999348e-14 4.153095158e-13
17654.36386 -7.386157117e-13 4.163505435e-13
17654.37211 -9.115538763e-13 4.173952101e-13
17654.38036 -3.01767935e-13 4.184435155e-13
17654.38861 -3.028906634e-13 4.194954596e-13
17654.39686 4.368027647e-13 4.205510426e-13
17654.40512 8.167727087e-13 4.216102642e-13
17654.41337 4.679401076e-13 4.226731247e-13
17654.42162 3.521842243e-13 4.237396239e-13
17654.42987 -4.748847456e-13 4.248097619e-13
17654.43812 -9.806842612e-13 4.258835386e-13
17654.44637 7.712647833e-14 4.26960954e-13
17654.45462 2.644549965e-14 4.280420082e-13
17654.46287 -1.562216031e-13 4.291267011e-13
17654.47112 1.419689135e-13 4.302150328e-13
17654.47937 -3.655982674e-13 4.313070032e-13
17654.48762 -3.160771884e-13 4.324026123e-13
17654.49587 -4.643809621e-13 4.335018601e-13
17654.50413 -7.746431237e-13 4.346047466e-13
17654.51238 -4.241787247e-13 4.357112718e-13
17654.52063 -2.564272332e-13 4.368214357e-13
17654.52888 -1.004125117e-13 4.379352383e-13
17654.53713 1.610009115e-13 4.390526796e-13
17654.54538 -3.817221755e-13 4.401737595e-13
17654.55363 -3.02289072e-13 4.412984782e-13
17654.56188 2.055076946e-13 4.424268355e-13
17654.57013 4.252787574e-14 4.435588315e-13
17654.57838 -4.783150041e-13 4.446944661e-13
17654.58663 -2.526014342e-13 4.458337394e-13
17654.59488 -1.280920435e-13 4.469766514e-13
17654.60314 -3.580557307e-13 4.48123202e-13
17654.61139 -4.143495875e-13 4.492733912e-13
17654.61964 -7.585961294e-13 4.504272191e-13
17654.62789 -8.377892999e-13 4.515846856e-13
17654.63614 1.255320098e-13 4.527457907e-13
17654.64439 1.01264866e-12 4.539105345e-13
17654.65264 2.181428774e-13 4.550789169e-13
17654.66089 -2.933850172e-13 4.562509378e-13
17654.66914 2.887721314e-13 4.574265974e-13
17654.67739 -8.831684371e-14 4.586058956e-13
17654.68564 -8.287431651e-13 4.597888324e-13
17654.69389 -6.058590401e-13 4.609754077e-13
17654.70215 -5.486854267e-13 4.621656217e-13
17654.7104 -4.176655233e-13 4.633594742e-13
17654.71865 1.758355894e-13 4.645569653e-13
17654.7269 4.030041914e-13 4.65758095e-13
17654.73515 4.158701242e-13 4.669628633e-13
17654.7434 3.979996888e-13 4.681712701e-13
17654.75165 -1.339638901e-13 4.693833154e-13
17654.7599 1.546286111e-13 4.705989993e-13
17654.76815 7.481940545e-14 4.718183218e-13
17654.7764 2.064907998e-13 4.730412827e-13
17654.78465 -2.336806948e-13 4.742678823e-13
17654.7929 -6.454674329e-13 4.754981203e-13
17654.80116 -2.347284009e-13 4.767319969e-13
17654.80941 -5.025829257e-14 4.77969512e-13
17654.81766 9.224260928e-14 4.792106656e-13
17654.82591 4.727533838e-13 4.804554577e-13
17654.83416 -1.448307087e-13 4.817038883e-13
17654.84241 -4.530426974e-13 4.829559574e-13
17654.85066 3.55812287e-13 4.84211665e-13
17654.85891 1.210973414e-13 4.854710111e-13
17654.86716 -3.260768872e-14 4.867339957e-13
17654.87541 -3.441592016e-14 4.880006187e-13
17654.88366 9.487138836e-14 4.892708803e-13
17654.89191 2.698750435e-13 4.905447803e-13
17654.90017 5.63003125e-13 4.918223187e-13
17654.90842 4.290819938e-13 4.931034956e-13
17654.91667 -5.394811506e-13 4.94388311e-13
17654.92492 -7.842186128e-13 4.956767648e-13
17654.93317 -1.441233594e-13 4.969688571e-13
17654.94142 1.059099972e-13 4.982645878e-13
17654.94967 8.631051179e-14 4.995639569e-13
17654.95792 1.163823615e-13 5.008669644e-13
17654.96617 1.957406167e-13 5.021736104e-13
17654.97442 4.948320533e-13 5.034838948e-13
17654.98267 4.627814904e-13 5.047978176e-13
17654.99092 5.370713253e-13 5.061153788e-13
17654.99917 5.280994863e-13 5.074365784e-13
17655.00743 6.059962839e-13 5.087614164e-13
17655.01568 1.177795384e-12 5.100898928e-13
17655.02393 1.144591636e-13 5.114220076e-13
17655.03218 -3.058197918e-13 5.127577607e-13
17655.04043 1.337645611e-13 5.140971523e-13
17655.04868 7.149372408e-14 5.154401822e-13
17655.05693 -4.521843951e-13 5.167868504e-13
17655.06518 -8.326472095e-13 5.181371571e-13
17655.07343 1.575718524e-13 5.194911021e-13
17655.08168 3.851832112e-13 5.208486854e-13
17655.08993 4.052669756e-13 5.222099071e-13
17655.09818 1.049592221e-12 5.235747671e-13
17655.10644 3.102976231e-13 5.249432655e-13
17655.11469 -9.96185229e-13 5.263154021e-13
17655.12294 -4.284945126e-13 5.276911772e-13
17655.13119 8.162986695e-13 5.290705905e-13
17655.13944 8.710526398e-13 5.304536421e-13
17655.14769 -1.150899317e-14 5.318403321e-13
17655.15594 -3.938215236e-13 5.332306603e-13
17655.16419 -2.858739261e-14 5.346246269e-13
17655.17244 2.135397008e-13 5.360222317e-13
17655.18069 -3.523918844e-13 5.374234749e-13
17655.18894 -1.338873377e-13 5.388283563e-13
17655.19719 6.394413992e-13 5.40236876e-13
17655.20545 5.333802813e-13 5.41649034e-13
17655.2137 5.045067197e-13 5.430648302e-13
17655.22195 4.66763811e-13 5.444842647e-13
17655.2302 5.129350818e-13 5.459073375e-13
17655.23845 1.49221252e-13 5.473340485e-13
17655.2467 -5.362352149e-14 5.487643978e-13
17655.25495 3.694061838e-13 5.501983853e-13
17655.2632 -2.084345247e-13 5.516360111e-13
17655.27145 -8.228368975e-13 5.53077275e-13
17655.2797 2.329779586e-13 5.545221772e-13
17655.28795 1.160718917e-12 5.559707177e-13
17655.2962 9.027463195e-13 5.574228963e-13
17655.30446 -2.574057888e-13 5.588787132e-13
17655.31271 -1.139478625e-12 5.603381683e-13
17655.32096 5.16734739e-13 5.618012615e-13
17655.32921 9.593933922e-13 5.63267993e-13
17655.33746 -8.965861608e-13 5.647383627e-13
17655.34571 -5.201154499e-13 5.662123705e-13
